"AGUA FRESCA",7.29,7.29,7.29,7.29,7.29,7.29,7.29,7.29,7.29,7.29,7.29,7.29,7.29,7.29,7.29,7.29,7.29,7.29,7.29,7.29,7.29,7.29,7.29,7.29
"ALBAN",427.00,427.00,427.00,427.00,427.00,427.00,427.00,427.00,427.00,427.00,427.00,427.00,427.00,427.00,427.00,427.00,427.00,427.00,427.00,427.00,427.00,427.00,427.00,427.00
"ALEJANDRIA",8.60,8.60,8.60,8.60,8.60,8.60,8.60,8.60,8.60,8.60,8.60,8.60,8.60,8.60,8.60,8.60,8.60,8.60,8.60,8.60,8.60,8.60,8.60,8.60
"ALTO TULUA",5.00,5.00,5.00,5.00,5.00,5.00,5.00,5.00,5.00,5.00,5.00,5.00,5.00,5.00,5.00,5.00,5.00,5.00,5.00,5.00,5.00,5.00,5.00,5.00
"AMAIME",13.00,13.00,13.00,13.00,13.00,13.00,13.00,13.00,13.00,13.00,13.00,12.00,11.00,11.00,11.00,11.00,11.00,11.00,11.00,11.00,11.00,11.00,12.00,12.00
"AMALFI",0.30,0.30,0.30,0.30,0.30,0.30,0.30,0.30,0.30,0.30,0.30,0.30,0.30,0.30,0.30,0.30,0.30,0.30,0.30,0.30,0.30,0.30,0.30,0.30
"AMERICA",0.30,0.30,0.30,0.30,0.30,0.30,0.30,0.30,0.30,0.30,0.30,0.30,0.30,0.30,0.30,0.30,0.30,0.30,0.30,0.30,0.30,0.30,0.30,0.30
"AMOYA LA ESPERANZA",0.00,0.00,0.00,0.00,0.00,0.00,0.00,0.00,0.00,0.00,0.00,0.00,0.00,0.00,0.00,0.00,0.00,0.00,0.00,0.00,0.00,0.00,0.00,0.00
"ARGOS CARTAGENA 1",0.00,0.00,0.00,0.00,0.00,0.00,0.00,0.00,0.00,0.00,0.00,0.00,0.00,0.00,0.00,0.00,0.00,0.00,0.00,0.00,0.00,0.00,0.00,0.00
"ASNAZU",0.45,0.45,0.45,0.45,0.45,0.45,0.45,0.45,0.45,0.45,0.45,0.45,0.45,0.45,0.45,0.45,0.45,0.45,0.45,0.45,0.45,0.45,0.45,0.45
"AURES BAJO",18.00,18.00,18.00,18.00,18.00,18.00,18.00,17.50,17.50,17.50,17.50,17.50,17.50,17.50,17.50,17.50,17.50,18.00,18.00,18.00,18.00,18.00,18.00,18.00
"AUTOG ARGOS EL CAIRO",6.50,6.50,6.50,6.50,6.50,6.50,6.50,6.50,6.50,6.50,6.50,6.50,6.50,6.50,6.50,6.50,6.50,6.50,6.50,6.50,6.50,6.50,6.50,6.50
"AUTOG ARGOS SOGAMOSO 1",0.90,0.90,0.90,0.90,0.90,0.90,0.90,0.90,0.90,0.90,0.90,0.90,0.90,0.90,0.90,0.90,0.90,0.90,0.90,0.90,0.90,0.90,0.90,0.90
"AUTOG ARGOS YUMBO",0.00,0.00,0.00,0.00,0.00,0.00,0.00,0.00,0.00,0.00,0.00,0.00,0.00,0.00,0.00,0.00,0.00,0.00,0.00,0.00,0.00,0.00,0.00,0.00
"AUTOG AYURA",10.20,10.20,10.20,10.20,10.20,12.20,12.20,12.20,12.20,12.20,12.20,12.20,12.20,12.20,12.20,12.20,12.20,12.20,12.20,11.20,11.20,11.20,11.20,11.20
"AUTOG BIODIANA 1",3.80,3.80,3.80,3.80,3.80,3.80,3.80,3.80,3.80,3.80,3.80,3.80,3.80,3.80,3.80,3.80,3.80,3.80,3.80,3.80,3.80,3.80,3.80,3.80
"AUTOG BIOS CIENAGA ORO",0.00,0.00,0.00,0.00,0.00,0.00,0.00,0.00,0.00,0.00,0.00,0.00,0.00,0.00,0.00,0.00,0.00,0.00,0.00,0.00,0.00,0.00,0.00,0.00
"AUTOG BIOS CONTEGRAL CARTAGO",0.00,0.00,0.00,0.00,0.00,0.00,0.00,0.00,0.00,0.00,0.00,0.00,0.00,0.00,0.00,0.00,0.00,0.00,0.00,0.00,0.00,0.00,0.00,0.00
"AUTOG BIOS CONTEGRAL NEIVA",0.00,0.00,0.00,0.00,0.00,0.00,0.00,0.00,0.00,0.00,0.00,0.00,0.00,0.00,0.00,0.00,0.00,0.00,0.00,0.00,0.00,0.00,0.00,0.00
"AUTOG BIOS FINCA BUGA",0.00,0.00,0.00,0.00,0.00,0.00,0.00,0.00,0.00,0.00,0.00,0.00,0.00,0.00,0.00,0.00,0.00,0.00,0.00,0.00,0.00,0.00,0.00,0.00
"AUTOG BUGA I GRASAS",0.00,0.00,0.00,0.00,0.00,0.00,0.00,0.00,0.00,0.00,0.00,1.00,0.00,0.00,1.00,1.00,0.00,0.00,0.00,0.00,0.00,0.00,0.00,0.00
"AUTOG BUGA I SOLLA",0.00,0.00,0.00,0.00,0.00,0.00,0.00,0.00,0.00,0.00,0.00,1.00,0.00,0.00,1.00,1.00,0.00,0.00,0.00,0.00,0.00,0.00,0.00,0.00
"AUTOG CANTAYUS",3.46,3.40,3.38,3.30,3.24,3.20,3.24,3.44,3.40,3.36,3.32,3.20,3.20,3.18,3.16,3.06,2.78,3.30,3.40,3.40,3.36,3.16,3.50,3.70
"AUTOG CELSIA SOLAR ESPINAL",0.00,0.00,0.00,0.00,0.00,0.00,0.00,1.00,2.00,2.00,5.00,7.00,7.00,7.00,5.00,4.00,2.00,0.00,0.00,0.00,0.00,0.00,0.00,0.00
"AUTOG CELSIA SOLAR HARINAS",0.00,0.00,0.00,0.00,0.00,0.00,0.00,0.00,0.00,0.00,0.00,0.00,0.00,0.00,0.00,0.00,0.00,0.00,0.00,0.00,0.00,0.00,0.00,0.00
"AUTOG CELSIA SOLAR LEVAPAN",0.00,0.00,0.00,0.00,0.00,0.00,0.00,0.00,0.00,0.00,0.00,0.00,1.00,1.00,0.00,1.00,0.00,0.00,0.00,0.00,0.00,0.00,0.00,0.00
"AUTOG CELSIA SOLAR PALMIRA 3",0.00,0.00,0.00,0.00,0.00,0.00,0.00,0.00,0.00,0.00,1.00,1.00,0.00,1.00,0.00,0.00,0.00,0.00,0.00,0.00,0.00,0.00,0.00,0.00
"AUTOG CELSIA SOLAR PALMIRA 3 ZONA FRANCA",0.00,0.00,0.00,0.00,0.00,0.00,0.00,0.00,0.00,0.00,0.00,0.00,0.00,0.00,0.00,0.00,0.00,0.00,0.00,0.00,0.00,0.00,0.00,0.00
"AUTOG CELSIA SOLAR TQ JAMUNDI",0.00,0.00,0.00,0.00,0.00,0.00,0.00,0.00,0.00,0.00,0.00,0.00,0.00,0.00,0.00,0.00,0.00,0.00,0.00,0.00,0.00,0.00,0.00,0.00
"AUTOG CELSIA SOLAR YUMBO",0.00,0.00,0.00,0.00,0.00,0.00,0.00,0.00,0.00,0.00,1.00,0.00,1.00,1.00,0.00,0.00,0.00,0.00,0.00,0.00,0.00,0.00,0.00,0.00
"AUTOG CEMENTOS DEL NARE",7.10,7.10,7.10,7.10,7.10,7.10,3.70,3.70,3.70,3.70,3.70,3.70,3.70,3.70,4.20,4.20,4.20,4.20,4.20,4.20,4.20,4.20,7.10,7.10
"AUTOG CI JEANS",0.00,0.00,0.00,0.00,0.00,0.00,0.01,0.03,0.16,0.35,0.52,0.51,0.46,0.42,0.46,0.35,0.21,0.07,0.01,0.00,0.00,0.00,0.00,0.00
"AUTOG COCA-COLA FEMSA 1",0.40,0.40,0.40,0.40,0.40,0.40,0.40,0.40,0.40,0.40,0.40,0.40,0.40,0.40,0.40,0.40,0.40,0.40,0.40,0.40,0.40,0.40,0.40,0.40
"AUTOG COMOLSA",0.00,0.00,0.00,0.00,0.00,0.00,0.00,1.20,2.20,2.20,3.30,3.30,3.30,3.30,2.20,1.20,1.20,1.00,0.00,0.00,0.00,0.00,0.00,0.00
"AUTOG CORPACERO 1",0.00,0.00,0.00,0.00,0.00,0.00,0.00,0.00,0.00,0.00,0.00,0.00,0.00,0.00,0.00,0.00,0.00,0.00,0.00,0.00,0.00,0.00,0.00,0.00
"AUTOG COSTAYACO",1.00,1.00,1.00,1.00,1.00,1.00,1.00,1.00,1.00,1.00,1.00,1.00,1.00,1.00,1.00,1.00,1.00,1.00,1.00,1.00,1.00,1.00,1.00,1.00
"AUTOG ECOPETROL ORITO",1.00,1.00,1.00,1.00,1.00,1.00,1.00,1.00,1.00,1.00,1.00,1.00,1.00,1.00,1.00,1.00,1.00,1.00,1.00,1.00,1.00,1.00,1.00,1.00
"AUTOG EL COPEY",0.00,0.00,0.00,0.00,0.00,0.00,0.60,2.10,2.90,0.40,1.00,2.90,5.60,3.60,3.10,1.20,1.60,0.40,0.00,0.00,0.00,0.00,0.00,0.00
"AUTOG GRAN COLOMBIA GOLD",0.00,0.00,0.00,0.00,0.00,0.00,0.00,0.00,0.00,0.00,0.00,0.00,0.00,0.00,0.00,0.00,0.00,0.00,0.00,0.00,0.00,0.00,0.00,0.00
"AUTOG HIDROSOLAR I",0.00,0.00,0.00,0.00,0.00,0.00,0.00,0.02,0.72,0.96,1.44,1.87,1.89,1.83,1.82,1.62,0.91,0.08,0.00,0.00,0.00,0.00,0.00,0.00
"AUTOG INGENIO CARMELITA",0.50,0.50,0.50,0.50,0.50,0.50,0.50,0.50,0.50,0.50,0.50,0.50,0.50,0.50,0.50,0.50,0.50,0.50,0.50,0.50,0.50,0.50,0.50,0.50
"AUTOG INGENIO MARIA LUISA 1",0.20,0.20,0.20,0.20,0.20,0.20,0.20,0.20,0.20,0.20,0.20,0.20,0.20,0.20,0.20,0.20,0.20,0.20,0.20,0.20,0.20,0.20,0.20,0.20
"AUTOG LOS POCITOS",1.80,1.80,1.80,1.80,1.80,1.80,1.80,1.80,1.80,1.80,1.80,1.80,1.80,1.80,1.80,1.80,1.80,1.80,1.80,1.80,1.80,1.80,1.80,1.80
"AUTOG MILPA SAN CARLOS",0.00,0.00,0.00,0.00,0.00,0.00,0.00,0.00,0.10,0.20,0.30,0.20,0.40,0.30,0.10,0.10,0.10,0.00,0.00,0.00,0.00,0.00,0.00,0.00
"AUTOG MOLINOS SANTA MARTA",0.00,0.00,0.00,0.00,0.00,0.00,0.00,1.20,2.20,2.20,3.30,3.30,3.30,3.30,2.20,1.20,1.20,1.00,0.00,0.00,0.00,0.00,0.00,0.00
"AUTOG PINTUCO",0.00,0.00,0.00,0.00,0.00,0.00,0.00,0.01,0.03,0.05,0.09,0.10,0.15,0.16,0.15,0.10,0.03,0.01,0.00,0.00,0.00,0.00,0.00,0.00
"AUTOG PTAR BELLO",0.00,0.00,0.38,0.38,0.38,0.38,0.38,0.38,0.38,0.38,0.38,0.38,0.38,0.38,0.00,0.00,0.00,0.00,0.00,0.00,0.00,0.00,0.00,0.00
"AUTOG QBCO",0.00,0.00,0.00,0.00,0.00,0.00,0.00,1.20,2.20,2.20,3.30,3.30,3.30,3.30,2.20,1.20,1.20,1.00,0.00,0.00,0.00,0.00,0.00,0.00
"AUTOG REFICAR 1",8.00,8.00,8.00,8.00,8.00,8.00,8.00,8.00,8.00,8.00,8.00,8.00,8.00,8.00,8.00,8.00,8.00,8.00,8.00,8.00,8.00,8.00,8.00,8.00
"AUTOG SOLAR AYACUCHO",0.00,0.00,0.00,0.00,0.00,0.00,0.00,0.00,0.00,0.00,0.00,0.00,0.00,0.00,0.00,0.00,0.00,0.00,0.00,0.00,0.00,0.00,0.00,0.00
"AUTOG SOLAR PALMIRA",0.00,0.00,0.00,0.00,0.00,0.00,0.00,0.00,0.00,0.00,0.00,0.00,0.00,0.00,0.00,0.00,0.00,0.00,0.00,0.00,0.00,0.00,0.00,0.00
"AUTOG SOLAR PALMIRA II BERRY",0.00,0.00,0.00,0.00,0.00,0.00,0.00,0.00,0.00,0.00,0.00,1.00,2.00,3.00,0.00,0.00,0.00,0.00,0.00,0.00,0.00,0.00,0.00,0.00
"AUTOG SOLAR VASCONIA",0.00,0.00,0.00,0.00,0.00,0.00,0.00,0.00,0.00,0.00,0.00,0.00,0.00,0.00,0.00,0.00,0.00,0.00,0.00,0.00,0.00,0.00,0.00,0.00
"AUTOG TERMOCOROCITO 1",4.00,4.00,4.00,4.00,4.00,4.00,4.00,4.00,4.00,4.00,4.00,4.00,4.00,4.00,4.00,4.00,4.00,4.00,4.00,4.00,4.00,4.00,4.00,4.00
"AUTOG TERMOMACAGUA 1",4.00,4.00,4.00,4.00,4.00,4.00,4.00,4.00,4.00,4.00,4.00,4.00,4.00,4.00,4.00,4.00,4.00,4.00,4.00,4.00,4.00,4.00,4.00,4.00
"AUTOG TERMOTAME",3.00,3.00,3.00,3.00,3.00,3.00,3.00,3.00,3.00,3.00,3.00,3.00,3.00,3.00,3.00,3.00,3.00,3.00,3.00,3.00,3.00,3.00,3.00,3.00
"AUTOG TURGAS",3.50,3.50,3.50,3.50,3.50,3.50,3.50,3.50,3.50,3.50,3.50,3.50,3.50,3.50,3.50,3.50,3.50,3.50,3.50,3.50,3.50,3.50,3.50,3.50
"AUTOG UNIBOL 1",0.00,0.00,0.00,0.00,0.00,0.00,0.00,0.00,0.00,0.00,0.00,0.00,0.00,0.00,0.00,0.00,0.00,0.00,0.00,0.00,0.00,0.00,0.00,0.00
"AUTOG UNIMINAS",0.00,0.00,0.00,0.00,0.00,0.00,0.00,0.10,0.10,0.20,0.30,0.30,0.20,0.20,0.10,0.10,0.00,0.00,0.00,0.00,0.00,0.00,0.00,0.00
"AUTOG YAGUARITO",0.00,0.00,0.00,0.00,0.00,0.00,0.00,0.00,0.00,0.00,0.00,0.00,0.00,0.00,0.00,0.00,0.00,0.00,0.00,0.00,0.00,0.00,0.00,0.00
"BAJO TULUA",18.00,18.00,18.00,18.00,18.00,18.00,18.00,18.00,18.00,18.00,18.00,18.00,18.00,4.00,14.00,18.00,18.00,18.00,18.00,18.00,18.00,18.00,18.00,18.00
"BARAYA",0.00,0.00,0.00,0.00,0.00,0.01,0.30,0.60,0.60,0.70,0.70,0.80,0.70,0.70,0.70,0.30,0.01,0.05,0.00,0.00,0.00,0.00,0.00,0.00
"BARRANQUILLA 3",0.00,0.00,0.00,0.00,0.00,0.00,0.00,0.00,0.00,0.00,0.00,0.00,0.00,0.00,0.00,0.00,0.00,0.00,0.00,0.00,0.00,0.00,0.00,0.00
"BARRANQUILLA 4",0.00,0.00,0.00,0.00,0.00,0.00,0.00,0.00,0.00,0.00,0.00,0.00,0.00,0.00,0.00,0.00,0.00,0.00,0.00,0.00,0.00,0.00,0.00,0.00
"BARROSO",7.10,7.10,7.10,7.10,7.10,7.10,7.10,7.10,7.10,7.10,7.10,7.10,7.10,7.10,7.10,7.10,7.10,7.10,7.10,7.10,7.10,7.10,7.10,7.10
"BAYONA",0.00,0.00,0.00,0.00,0.00,0.00,0.00,0.00,0.00,0.00,0.00,0.00,0.00,0.00,0.00,0.00,0.00,0.00,0.00,0.00,0.00,0.00,0.00,0.00
"BELLO",0.30,0.30,0.30,0.30,0.30,0.30,0.30,0.30,0.30,0.30,0.30,0.30,0.30,0.30,0.30,0.30,0.30,0.30,0.30,0.30,0.30,0.30,0.30,0.30
"BELMONTE",3.00,3.00,3.00,3.00,3.00,3.00,3.00,3.00,3.00,3.00,3.00,3.00,3.00,3.00,3.00,3.00,3.00,3.00,3.00,3.00,3.00,3.00,3.00,3.00
"BETANIA",240.00,240.00,240.00,240.00,240.00,240.00,240.00,240.00,240.00,240.00,240.00,240.00,240.00,240.00,240.00,240.00,240.00,240.00,240.00,240.00,240.00,240.00,240.00,240.00
"BIOENERGY",0.00,0.00,0.00,0.00,0.00,0.00,0.00,0.00,0.00,0.00,0.00,0.00,0.00,0.00,0.00,0.00,0.00,0.00,0.00,0.00,0.00,0.00,0.00,0.00
"BOSQUES SOLARES DE LOS LLANOS 4",0.00,0.00,0.00,0.00,0.00,3.19,6.35,8.68,9.89,10.33,11.42,10.58,11.68,9.58,9.16,7.46,5.90,3.05,0.00,0.00,0.00,0.00,0.00,0.00
"BOSQUES SOLARES DE LOS LLANOS 5",0.00,0.00,0.00,0.00,0.00,2.69,5.65,7.61,8.33,9.03,9.75,8.70,10.14,8.02,7.99,6.64,5.19,2.76,0.00,0.00,0.00,0.00,0.00,0.00
"BSB 500",0.00,0.00,0.00,0.00,0.00,3.56,5.82,8.97,9.09,10.84,8.64,8.50,8.14,8.06,7.09,6.50,5.49,4.47,0.00,0.00,0.00,0.00,0.00,0.00
"BSB 501",0.00,0.00,0.00,0.00,0.00,3.56,5.82,8.97,9.09,10.84,8.64,8.50,8.14,8.06,7.09,6.50,5.49,4.47,0.00,0.00,0.00,0.00,0.00,0.00
"BSB 502",0.00,0.00,0.00,0.00,0.00,3.56,5.82,8.97,9.09,10.84,8.64,8.50,8.14,8.06,7.09,6.50,5.49,4.47,0.00,0.00,0.00,0.00,0.00,0.00
"BSB 503",0.00,0.00,0.00,0.00,0.00,3.56,5.82,8.97,9.09,10.84,8.64,8.50,8.14,8.06,7.09,6.50,5.49,4.47,0.00,0.00,0.00,0.00,0.00,0.00
"BSB 504",0.00,0.00,0.00,0.00,0.00,3.56,5.82,8.97,9.09,10.84,8.64,8.50,8.14,8.06,7.09,6.50,5.49,4.47,0.00,0.00,0.00,0.00,0.00,0.00
"CAIMAN CIENAGUERO",0.00,0.00,0.00,0.00,0.00,0.01,0.03,0.24,0.36,0.51,0.63,0.54,0.61,0.20,0.10,0.00,0.00,0.00,0.00,0.00,0.00,0.00,0.00,0.00
"CALDERAS",10.00,10.00,10.00,10.00,10.00,10.00,10.00,10.00,10.00,10.00,10.00,19.90,19.90,10.00,10.00,10.00,10.00,10.00,19.90,19.90,19.90,10.00,10.00,10.00
"CALIMA",0.00,0.00,0.00,0.00,0.00,0.00,0.00,0.00,0.00,0.00,0.00,0.00,0.00,0.00,0.00,0.00,0.00,0.00,0.00,0.00,0.00,0.00,0.00,0.00
"CAMPESTRE (CALARCA)",0.00,0.00,0.00,0.00,0.00,0.00,0.00,0.00,0.00,0.00,0.00,0.00,0.00,0.00,0.00,0.00,0.00,0.00,0.00,0.00,0.00,0.00,0.00,0.00
"CAMPESTRE (EPM)",0.00,0.00,0.00,0.00,0.00,0.00,0.00,0.00,0.00,0.00,0.00,0.00,0.00,0.00,0.00,0.00,0.00,0.00,0.00,0.00,0.00,0.00,0.00,0.00
"CANAHUATE",0.00,0.00,0.00,0.00,0.00,0.01,0.30,0.60,0.60,0.70,0.70,0.80,0.70,0.70,0.70,0.30,0.01,0.05,0.00,0.00,0.00,0.00,0.00,0.00
"CARACOLI",0.00,0.00,0.00,0.00,0.00,0.00,0.00,0.00,0.00,0.00,0.00,0.00,0.00,0.00,0.00,0.00,0.00,0.00,0.00,0.00,0.00,0.00,0.00,0.00
"CARACOLI I",0.00,0.00,0.00,0.00,0.00,0.00,7.00,20.00,32.00,38.00,40.00,40.00,40.00,38.00,34.00,29.00,18.00,2.00,0.00,0.00,0.00,0.00,0.00,0.00
"CARLOS LLERAS",78.00,78.00,78.00,78.00,78.00,78.00,78.00,78.00,78.00,78.00,78.00,78.00,78.00,78.00,78.00,78.00,78.00,78.00,78.00,78.00,78.00,78.00,78.00,78.00
"CARTAGENA 1",0.00,0.00,0.00,0.00,0.00,0.00,0.00,0.00,0.00,0.00,0.00,0.00,0.00,0.00,0.00,0.00,0.00,0.00,0.00,0.00,0.00,0.00,0.00,0.00
"CARTAGENA 2",0.00,0.00,0.00,0.00,0.00,0.00,0.00,0.00,0.00,0.00,0.00,0.00,0.00,0.00,0.00,0.00,0.00,0.00,0.00,0.00,0.00,0.00,0.00,0.00
"CARTAGENA 3",0.00,0.00,0.00,0.00,0.00,0.00,0.00,0.00,0.00,0.00,0.00,0.00,0.00,0.00,0.00,0.00,0.00,0.00,0.00,0.00,0.00,0.00,0.00,0.00
"CARUQUIA",9.50,9.50,9.50,9.50,9.50,9.50,9.50,9.50,9.50,9.50,9.50,9.50,9.50,9.50,9.50,9.50,9.50,9.50,9.50,9.00,9.50,9.50,9.50,9.50
"CASCADA",1.50,1.50,1.50,1.50,1.50,1.50,1.50,1.50,1.50,1.50,1.50,1.50,1.50,1.50,1.50,1.50,1.50,1.50,1.50,1.50,1.50,1.50,1.50,1.50
"CAUYA",0.20,0.20,0.20,0.20,0.20,0.20,0.20,0.20,0.20,0.20,0.20,0.20,0.20,0.20,0.20,0.20,0.20,0.20,0.20,0.20,0.20,0.20,0.20,0.20
"CELSIA SOLAR ALUMINA",0.00,0.00,0.00,0.00,0.00,0.00,0.00,0.09,0.23,1.10,1.31,1.15,1.11,0.89,0.22,0.00,0.06,0.10,0.00,0.00,0.00,0.00,0.00,0.00
"CELSIA SOLAR BOLIVAR",0.00,0.00,0.00,0.00,0.00,0.00,0.00,2.00,3.00,5.00,5.00,5.00,2.00,1.00,0.00,1.00,0.00,0.00,0.00,0.00,0.00,0.00,0.00,0.00
"CELSIA SOLAR BUGALAGRANDE",0.00,0.00,0.00,0.00,0.00,0.00,0.00,1.00,1.00,3.00,1.00,6.00,8.00,3.00,3.00,8.00,5.00,0.00,0.00,0.00,0.00,0.00,0.00,0.00
"CELSIA SOLAR CARMELO",0.00,0.00,0.00,0.00,0.00,0.00,0.00,0.00,0.00,0.00,1.00,0.00,1.00,0.00,0.00,0.00,0.00,0.00,0.00,0.00,0.00,0.00,0.00,0.00
"CELSIA SOLAR DULIMA",0.00,0.00,0.00,0.00,0.00,0.00,0.00,3.00,6.00,13.00,16.00,18.00,19.00,18.00,19.00,18.00,14.00,3.00,0.00,0.00,0.00,0.00,0.00,0.00
"CELSIA SOLAR LA PAILA",0.00,0.00,0.00,0.00,0.00,0.00,0.00,0.00,0.00,0.00,1.00,0.00,2.00,2.00,0.00,0.00,0.00,0.00,0.00,0.00,0.00,0.00,0.00,0.00
"CELSIA SOLAR LA VICTORIA I",0.00,0.00,0.00,0.00,0.00,0.00,0.00,3.00,6.00,2.00,12.00,13.00,11.00,16.00,7.00,9.00,9.00,1.00,0.00,0.00,0.00,0.00,0.00,0.00
"CELSIA SOLAR LA VICTORIA II",0.00,0.00,0.00,0.00,0.00,0.00,0.00,3.00,6.00,2.00,12.00,13.00,11.00,17.00,8.00,8.00,10.00,1.00,0.00,0.00,0.00,0.00,0.00,0.00
"CELSIA SOLAR PUERTO TEJADA",0.00,0.00,0.00,0.00,0.00,0.00,0.00,1.00,4.00,7.00,10.00,13.00,11.00,9.00,3.00,3.00,0.00,0.00,0.00,0.00,0.00,0.00,0.00,0.00
"CELSIA SOLAR YUMA",0.00,0.00,0.00,0.00,0.00,0.00,0.00,1.00,3.00,6.00,8.00,8.00,9.00,9.00,9.00,8.00,6.00,1.00,0.00,0.00,0.00,0.00,0.00,0.00
"CENTRAL CASTILLA 1",3.00,3.00,3.00,3.00,3.00,3.00,3.00,3.00,3.00,3.00,3.00,3.00,3.00,3.00,3.00,3.00,3.00,3.00,3.00,3.00,3.00,3.00,3.00,3.00
"CENTRO SOLAR",0.00,0.00,0.00,0.00,0.00,0.00,0.00,0.12,0.30,0.50,9.90,9.90,9.90,6.08,6.39,1.27,0.91,0.07,0.00,0.00,0.00,0.00,0.00,0.00
"CERRITOS",0.00,0.00,0.00,0.00,0.00,0.00,0.00,1.00,3.00,3.00,8.00,6.00,8.00,4.00,5.00,8.00,5.00,1.00,0.00,0.00,0.00,0.00,0.00,0.00
"CHARQUITO",19.00,19.00,19.00,19.00,19.00,19.00,19.00,19.00,19.00,19.00,19.00,19.00,19.00,19.00,19.00,19.00,19.00,19.00,19.00,19.00,19.00,19.00,19.00,19.00
"CHIVOR",500.00,500.00,500.00,500.00,500.00,500.00,500.00,500.00,500.00,500.00,500.00,500.00,500.00,500.00,500.00,500.00,500.00,500.00,500.00,500.00,500.00,500.00,500.00,500.00
"COCONUCO",2.80,2.80,2.80,2.80,2.80,2.80,2.60,2.60,2.60,2.60,2.70,2.70,2.70,2.70,2.40,2.40,2.40,2.40,2.70,2.80,2.70,2.70,2.70,2.70
"COELLO",1.10,1.10,1.10,1.10,1.10,1.10,1.10,1.10,1.10,1.10,1.10,1.10,1.10,1.10,1.10,1.10,1.10,1.10,1.10,1.10,1.10,1.10,1.10,1.10
"COGENERADOR MANUELITA 2",0.00,0.00,0.00,0.00,0.00,0.00,0.00,0.00,0.00,0.00,0.00,0.00,0.00,0.00,0.00,0.00,0.00,0.00,0.00,0.00,0.00,0.00,0.00,0.00
"COGENERADOR PROENCA",10.00,10.00,10.00,10.00,10.00,10.00,10.00,10.00,10.00,10.00,10.00,10.00,10.00,10.00,10.00,10.00,10.00,10.00,10.00,10.00,10.00,10.00,10.00,10.00
"COMUNIDAD EL SALVADOR I",0.00,0.00,0.00,0.00,0.00,0.00,0.00,0.00,0.00,0.01,0.01,0.01,0.01,0.01,0.00,0.00,0.00,0.00,0.00,0.00,0.00,0.00,0.00,0.01
"COMUNIDAD EL SALVADOR II",0.00,0.00,0.00,0.00,0.00,0.00,0.00,0.00,0.00,0.00,0.00,0.00,0.00,0.00,0.00,0.00,0.00,0.00,0.00,0.00,0.00,0.00,0.00,0.00
"CONDOR",0.00,0.00,0.00,0.00,0.00,0.00,2.00,7.09,8.48,7.29,7.11,8.54,7.51,9.49,8.83,8.68,6.94,0.79,0.00,0.00,0.00,0.00,0.00,0.00
"CUCUANA",42.00,42.00,42.00,42.00,42.00,42.00,42.00,42.00,42.00,42.00,42.00,42.00,42.00,42.00,42.00,42.00,42.00,42.00,42.00,42.00,42.00,42.00,42.00,42.00
"CURRUCUCUES",0.00,0.00,0.00,0.00,0.00,0.00,0.00,0.00,0.00,0.00,0.00,0.00,0.00,0.00,0.00,0.00,0.00,0.00,0.00,0.00,0.00,0.00,0.00,0.00
"DARIO VALENCIA SAMPER",150.00,150.00,150.00,150.00,150.00,150.00,150.00,150.00,150.00,150.00,150.00,150.00,150.00,150.00,150.00,150.00,150.00,150.00,150.00,150.00,150.00,150.00,150.00,150.00
"DOŃA JUANA",0.25,0.25,0.25,0.25,0.25,0.25,0.25,0.25,0.25,0.25,0.25,0.25,0.25,0.25,0.25,0.25,0.25,0.25,0.25,0.25,0.25,0.25,0.25,0.25
"ECOPARQUE SOLAR LA CIRA",0.00,0.00,0.00,0.00,0.00,0.00,0.00,0.00,0.00,0.00,0.00,0.00,0.00,0.00,0.00,0.00,0.00,0.00,0.00,0.00,0.00,0.00,0.00,0.00
"ECUADOR138_1",0.00,0.00,0.00,0.00,0.00,0.00,0.00,0.00,0.00,0.00,0.00,0.00,0.00,0.00,0.00,0.00,0.00,0.00,0.00,0.00,0.00,0.00,0.00,0.00
"ECUADOR230_1",0.00,0.00,0.00,0.00,0.00,0.00,0.00,0.00,0.00,0.00,0.00,0.00,0.00,0.00,0.00,0.00,0.00,0.00,0.00,0.00,0.00,0.00,0.00,0.00
"ECUADOR230_2",0.00,0.00,0.00,0.00,0.00,0.00,0.00,0.00,0.00,0.00,0.00,0.00,0.00,0.00,0.00,0.00,0.00,0.00,0.00,0.00,0.00,0.00,0.00,0.00
"EL BOSQUE",1.70,1.70,1.70,1.70,1.70,1.70,1.70,1.70,1.70,1.70,1.70,1.70,1.70,1.70,1.70,1.70,1.70,1.70,1.70,1.70,1.70,1.70,1.70,1.70
"EL COCUYO",0.45,0.45,0.45,0.45,0.45,0.45,0.45,0.45,0.45,0.45,0.45,0.45,0.45,0.45,0.45,0.45,0.45,0.45,0.45,0.45,0.45,0.45,0.45,0.45
"EL EDEN",17.00,17.00,17.00,17.00,17.00,17.00,17.00,17.00,17.00,17.00,17.00,17.00,17.00,17.00,17.00,17.00,17.00,17.00,17.00,17.00,17.00,17.00,17.00,17.00
"EL LIMONAR",18.00,18.00,18.00,18.00,18.00,18.00,18.00,18.00,18.00,18.00,18.00,18.00,18.00,18.00,18.00,18.00,18.00,18.00,18.00,18.00,18.00,18.00,18.00,18.00
"EL MOLINO",14.00,14.00,14.00,14.00,16.00,16.00,16.00,16.00,16.00,16.00,18.00,18.00,18.00,18.00,16.00,16.00,16.00,16.00,18.00,14.00,12.00,12.00,18.00,18.00
"EL PASO",0.00,0.00,0.00,0.00,0.00,0.00,7.00,22.00,56.00,68.00,68.00,63.00,60.00,54.00,50.00,46.00,37.00,17.00,0.00,0.00,0.00,0.00,0.00,0.00
"EL POPAL",9.95,9.95,9.95,9.95,9.95,9.95,9.95,9.95,9.95,9.95,9.95,9.95,9.95,9.95,9.95,9.95,9.95,9.95,9.95,9.95,9.95,9.95,9.95,9.95
"EL QUIMBO",100.00,100.00,100.00,100.00,100.00,100.00,100.00,100.00,100.00,100.00,100.00,100.00,100.00,100.00,100.00,100.00,100.00,100.00,100.00,100.00,100.00,100.00,100.00,100.00
"ESCUELA DE MINAS",55.00,55.00,55.00,55.00,55.00,55.00,55.00,55.00,55.00,55.00,55.00,55.00,55.00,55.00,55.00,55.00,55.00,55.00,55.00,55.00,55.00,55.00,55.00,55.00
"ESMERALDA",0.00,0.00,0.00,0.00,0.00,0.00,0.00,0.00,0.00,0.00,0.00,0.00,0.00,0.00,0.00,0.00,0.00,0.00,0.00,0.00,0.00,0.00,0.00,0.00
"FLORES 4 CC",0.00,0.00,0.00,0.00,0.00,0.00,0.00,0.00,0.00,0.00,0.00,0.00,0.00,0.00,0.00,0.00,0.00,0.00,0.00,0.00,0.00,0.00,0.00,0.00
"FLORES I CC",0.00,0.00,0.00,0.00,0.00,0.00,0.00,0.00,0.00,0.00,0.00,0.00,0.00,0.00,0.00,0.00,0.00,0.00,0.00,0.00,0.00,0.00,0.00,0.00
"FLORIDA",0.00,0.00,0.00,0.00,6.00,6.00,6.00,6.00,6.00,6.00,6.00,6.00,6.00,6.00,12.00,12.00,18.00,18.00,18.00,18.00,18.00,18.00,12.00,12.00
"FUNDACION",0.00,0.00,0.00,0.00,0.00,0.00,7.00,23.00,73.00,98.00,99.00,100.00,93.00,87.00,85.00,66.00,53.00,29.00,0.00,0.00,0.00,0.00,0.00,0.00
"GANDALF",0.00,0.00,0.00,0.00,0.00,0.01,0.30,0.60,0.60,0.70,0.70,0.80,0.70,0.70,0.70,0.30,0.01,0.05,0.00,0.00,0.00,0.00,0.00,0.00
"GD ALFEREZ",0.00,0.00,0.00,0.00,0.00,0.00,0.04,0.12,0.25,0.34,0.52,0.50,0.52,0.54,0.42,0.04,0.04,0.02,0.00,0.00,0.00,0.00,0.00,0.00
"GD BASILICA",0.00,0.00,0.00,0.00,0.00,0.00,0.02,0.15,0.34,0.46,0.52,0.66,0.33,0.49,0.67,0.60,0.34,0.03,0.00,0.00,0.00,0.00,0.00,0.00
"GD BOCAS DEL PALO",0.00,0.00,0.00,0.00,0.00,0.00,0.00,0.10,0.10,0.10,0.10,0.10,0.10,0.10,0.10,0.10,0.00,0.00,0.00,0.00,0.00,0.00,0.00,0.00
"GD CHICORAL",0.00,0.00,0.00,0.00,0.00,0.00,0.04,0.17,0.35,0.55,0.71,0.88,0.96,0.82,0.54,0.53,0.27,0.05,0.00,0.00,0.00,0.00,0.00,0.00
"GD CHIMBI",0.00,0.00,0.00,0.00,0.00,0.00,0.00,0.00,0.00,0.00,0.00,0.00,0.00,0.00,0.00,0.00,0.00,0.00,0.00,0.00,0.00,0.00,0.00,0.00
"GD DIOCESIS DE RIOHACHA",0.00,0.00,0.00,0.00,0.00,0.00,0.00,0.01,0.03,0.06,0.07,0.09,0.11,0.10,0.08,0.07,0.03,0.01,0.00,0.00,0.00,0.00,0.00,0.00
"GD EL BANCO",0.00,0.00,0.00,0.00,0.00,0.00,0.06,0.16,0.27,0.42,0.84,0.81,0.91,0.88,0.64,0.59,0.28,0.03,0.00,0.00,0.00,0.00,0.00,0.00
"GD EL ROBLE",0.00,0.00,0.00,0.00,0.00,0.06,0.22,0.41,0.57,0.69,0.75,0.74,0.68,0.56,0.40,0.21,0.06,0.00,0.00,0.00,0.00,0.00,0.00,0.00
"GD ERCO GUAMO I",0.00,0.00,0.00,0.00,0.00,0.00,0.06,0.23,0.45,0.67,0.79,0.85,0.85,0.77,0.63,0.43,0.18,0.02,0.00,0.00,0.00,0.00,0.00,0.00
"GD ERCO GUAMO II",0.00,0.00,0.00,0.00,0.00,0.00,0.06,0.23,0.45,0.67,0.79,0.85,0.85,0.77,0.63,0.43,0.18,0.02,0.00,0.00,0.00,0.00,0.00,0.00
"GD ERCO GUAMO III",0.00,0.00,0.00,0.00,0.00,0.00,0.06,0.23,0.45,0.67,0.79,0.85,0.85,0.77,0.63,0.43,0.18,0.02,0.00,0.00,0.00,0.00,0.00,0.00
"GD ERCO GUAMO IV",0.00,0.00,0.00,0.00,0.00,0.00,0.06,0.23,0.45,0.67,0.79,0.85,0.85,0.77,0.63,0.43,0.18,0.02,0.00,0.00,0.00,0.00,0.00,0.00
"GD ERCO SALDANA I",0.00,0.00,0.00,0.00,0.00,0.00,0.06,0.22,0.45,0.67,0.79,0.85,0.85,0.77,0.63,0.43,0.18,0.02,0.00,0.00,0.00,0.00,0.00,0.00
"GD ERCO SALDANA II",0.00,0.00,0.00,0.00,0.00,0.00,0.06,0.22,0.45,0.67,0.79,0.85,0.85,0.77,0.63,0.43,0.18,0.02,0.00,0.00,0.00,0.00,0.00,0.00
"GD ERCO TOLDADO",0.00,0.00,0.00,0.00,0.00,0.00,0.02,0.06,0.30,0.66,0.97,0.96,0.86,0.79,0.61,0.47,0.28,0.09,0.00,0.00,0.00,0.00,0.00,0.00
"GD FINCA ISABEL LOPEZ",0.00,0.00,0.00,0.00,0.00,0.00,0.01,0.04,0.07,0.12,0.08,0.07,0.06,0.05,0.02,0.00,0.00,0.00,0.00,0.00,0.00,0.00,0.00,0.00
"GD FINCA JM",0.00,0.00,0.00,0.00,0.00,0.00,0.01,0.04,0.07,0.12,0.08,0.07,0.06,0.05,0.02,0.00,0.00,0.00,0.00,0.00,0.00,0.00,0.00,0.00
"GD LA HONDA",0.00,0.00,0.00,0.00,0.00,0.00,0.03,0.16,0.29,0.16,0.63,0.68,0.54,0.84,0.38,0.30,0.28,0.04,0.00,0.00,0.00,0.00,0.00,0.00
"GD LA URIBE",0.00,0.00,0.00,0.00,0.00,0.00,0.03,0.22,0.21,0.27,0.40,0.41,0.53,0.52,0.41,0.34,0.25,0.05,0.00,0.00,0.00,0.00,0.00,0.00
"GD LOS CHORROS",0.00,0.00,0.00,0.00,0.00,0.00,0.02,0.10,0.23,0.35,0.49,0.46,0.60,0.54,0.43,0.32,0.14,0.02,0.00,0.00,0.00,0.00,0.00,0.00
"GD NAOS I",0.00,0.00,0.00,0.00,0.00,0.01,0.30,0.60,0.60,0.70,0.70,0.80,0.70,0.70,0.70,0.30,0.01,0.05,0.00,0.00,0.00,0.00,0.00,0.00
"GD NAOS II",0.00,0.00,0.00,0.00,0.00,0.01,0.30,0.60,0.60,0.70,0.70,0.80,0.70,0.70,0.70,0.30,0.10,0.05,0.00,0.00,0.00,0.00,0.00,0.00
"GD NAOS III",0.00,0.00,0.00,0.00,0.00,0.01,0.30,0.60,0.70,0.70,0.70,0.80,0.70,0.70,0.70,0.30,0.10,0.05,0.00,0.00,0.00,0.00,0.00,0.00
"GD PALERMO",0.00,0.00,0.00,0.00,0.00,0.00,0.04,0.17,0.35,0.60,0.83,0.79,0.88,0.90,0.73,0.47,0.25,0.04,0.00,0.00,0.00,0.00,0.00,0.00
"GD SAN MARTIN",0.00,0.00,0.00,0.00,0.00,0.00,0.03,0.17,0.30,0.45,0.50,0.44,0.50,0.35,0.25,0.33,0.17,0.04,0.00,0.00,0.00,0.00,0.00,0.00
"GECELCA 3",0.00,0.00,0.00,0.00,0.00,0.00,0.00,0.00,0.00,0.00,0.00,0.00,0.00,0.00,0.00,0.00,0.00,0.00,0.00,0.00,0.00,0.00,0.00,0.00
"GECELCA 32",0.00,0.00,0.00,0.00,0.00,0.00,0.00,0.00,0.00,0.00,0.00,0.00,0.00,0.00,0.00,0.00,0.00,0.00,0.00,0.00,0.00,0.00,0.00,0.00
"GR PARQUE SOLAR TUCANES",0.00,0.00,0.00,0.00,0.00,0.00,2.00,5.00,7.00,8.00,9.00,4.00,6.00,0.00,1.00,1.00,4.00,1.00,0.00,0.00,0.00,0.00,0.00,0.00
"GRANJA SOLAR BELMONTE",0.00,0.00,0.00,0.00,0.00,0.00,0.07,0.51,0.94,1.66,2.26,2.41,2.51,2.23,1.71,0.79,0.43,0.09,0.00,0.00,0.00,0.00,0.00,0.00
"GRANJA SOLAR EL SALADO",0.00,0.00,0.00,0.00,0.00,0.00,0.00,0.02,0.04,0.06,0.07,0.07,0.07,0.07,0.05,0.04,0.02,0.00,0.00,0.00,0.00,0.00,0.00,0.00
"GRANJA SOLAR FLANDES",0.00,0.00,0.00,0.00,0.00,0.00,0.00,3.00,6.00,13.00,16.00,17.00,17.00,19.00,8.00,0.00,0.00,0.00,0.00,0.00,0.00,0.00,0.00,0.00
"GRANJA SOLAR LANCEROS",0.00,0.00,0.00,0.00,0.00,0.00,0.00,1.00,3.00,7.00,6.00,7.00,7.00,8.00,6.00,5.00,2.00,0.00,0.00,0.00,0.00,0.00,0.00,0.00
"GRANJA SOLAR SAN FELIPE",0.00,0.00,0.00,0.00,0.00,0.00,0.00,1.00,3.00,4.00,8.00,8.00,9.00,9.00,8.00,6.00,2.00,0.00,0.00,0.00,0.00,0.00,0.00,0.00
"GUACAICA",0.86,0.86,0.86,0.86,0.86,0.86,0.86,0.86,0.86,0.86,0.86,0.86,0.86,0.86,0.86,0.86,0.86,0.86,0.86,0.86,0.86,0.86,0.86,0.86
"GUAJIRA 1",72.00,87.32,72.00,72.00,72.00,72.00,72.00,72.00,72.00,72.00,72.00,72.00,72.00,72.00,72.00,72.00,72.00,72.00,92.89,143.92,129.00,72.00,72.00,72.00
"GUAJIRA 2",72.00,114.28,75.28,74.27,72.00,72.00,72.00,72.00,72.00,72.00,72.00,72.00,72.00,72.00,72.00,72.00,72.00,72.00,119.00,130.00,119.00,72.00,80.61,72.00
"GUAMO",0.00,0.00,0.00,0.00,0.00,0.42,1.76,3.31,4.75,6.21,7.18,7.28,6.61,5.55,4.10,2.31,0.57,0.00,0.00,0.00,0.00,0.00,0.00,0.00
"GUANAQUITAS",9.50,9.50,9.50,9.50,9.50,9.50,9.50,9.50,9.50,9.50,9.50,9.50,9.50,9.50,9.50,9.50,9.50,9.50,9.50,9.50,9.50,9.50,9.50,9.50
"GUATAPE",0.00,0.00,0.00,0.00,0.00,0.00,0.00,0.00,0.00,0.00,0.00,0.00,0.00,0.00,0.00,0.00,0.00,0.00,0.00,0.00,0.00,0.00,0.00,0.00
"GUATRON",0.00,0.00,0.00,0.00,0.00,0.00,0.00,512.00,512.00,512.00,512.00,512.00,512.00,512.00,512.00,512.00,512.00,512.00,512.00,512.00,512.00,512.00,0.00,0.00
"GUAVIO",1045.17,999.73,874.87,803.45,836.71,875.76,855.49,264.25,223.94,176.23,331.18,457.83,453.73,474.20,701.36,889.23,1131.25,1205.00,1205.00,1205.00,1205.00,1205.00,1205.00,1205.00
"GUAVIO MENOR",5.00,5.00,5.00,5.00,5.00,5.00,5.00,5.00,5.00,5.00,5.00,5.00,5.00,5.00,5.00,5.00,5.00,5.00,5.00,5.00,5.00,5.00,5.00,5.00
"GUAYEPO",0.00,0.00,0.00,0.00,0.00,0.00,14.00,177.00,270.00,351.00,354.00,351.00,345.00,358.00,261.00,187.00,102.00,26.00,0.00,0.00,0.00,0.00,0.00,0.00
"GY SOLAR AURORA",0.00,0.00,0.00,0.00,0.00,0.01,0.03,0.24,0.36,0.51,0.63,0.54,0.61,0.20,0.10,0.00,0.00,0.00,0.00,0.00,0.00,0.00,0.00,0.00
"HELIOS I",0.00,0.00,0.00,0.00,0.00,0.20,0.50,0.50,5.10,7.30,6.50,1.80,6.80,9.50,7.60,2.10,0.60,0.00,0.00,0.00,0.00,0.00,0.00,0.00
"HIDROBARRANCAS",3.10,3.10,3.10,3.10,3.10,3.10,3.10,3.10,3.10,3.10,3.10,3.10,3.10,3.10,3.10,3.10,3.10,3.10,3.10,3.10,3.10,3.10,3.10,3.10
"HIDROMONTAŃITAS",18.00,18.00,18.00,18.00,18.00,18.00,18.00,18.00,18.00,18.00,18.00,18.00,18.00,18.00,18.00,18.00,16.00,0.00,6.00,18.00,18.00,18.00,18.00,18.00
"INCAUCA 1",0.00,0.00,0.00,0.00,0.00,0.00,0.00,0.00,0.00,0.00,0.00,5.00,8.00,10.00,10.00,10.00,10.00,10.00,10.00,10.00,10.00,10.00,10.00,10.00
"INGENIO PICHICHI 1",0.00,0.00,0.00,0.00,0.00,0.00,0.00,0.00,0.00,0.00,0.00,0.00,0.00,0.00,0.00,0.00,0.00,0.00,0.00,0.00,0.00,0.00,0.00,0.00
"INGENIO PROVIDENCIA 2",0.00,0.00,0.00,0.00,0.00,0.00,0.00,0.00,0.00,0.00,0.00,0.00,0.00,0.00,0.00,0.00,0.00,0.00,0.00,0.00,0.00,0.00,0.00,0.00
"INGENIO RIOPAILA 1",16.00,16.00,16.00,16.00,16.00,16.00,16.00,16.00,16.00,16.00,16.00,16.00,16.00,16.00,16.00,16.00,16.00,16.00,16.00,16.00,16.00,16.00,16.00,16.00
"INGENIO RISARALDA 1",13.00,13.00,13.00,13.00,13.00,13.00,13.00,13.00,13.00,13.00,13.00,13.00,13.00,13.00,13.00,13.00,13.00,13.00,13.00,13.00,13.00,13.00,13.00,13.00
"INGENIO SAN CARLOS 1",0.00,0.00,0.00,0.00,0.00,0.00,0.00,0.00,0.00,0.00,0.00,0.00,0.00,0.00,0.00,0.00,0.00,0.00,0.00,0.00,0.00,0.00,0.00,0.00
"INSULA",0.00,0.00,0.00,0.00,0.00,0.00,0.00,0.00,0.00,0.00,0.00,0.00,0.00,0.00,0.00,0.00,0.00,0.00,0.00,0.00,0.00,0.00,0.00,0.00
"INTERMEDIA",0.00,0.00,0.00,0.00,0.00,0.00,0.00,0.00,0.00,0.00,0.00,0.00,0.00,0.00,0.00,0.00,0.00,0.00,0.00,0.00,0.00,0.00,0.00,0.00
"INZA",0.00,0.00,0.00,0.00,0.00,0.00,0.00,0.00,0.00,0.00,0.00,0.00,0.00,0.00,0.00,0.00,0.00,0.00,0.00,0.00,0.00,0.00,0.00,0.00
"IQUIRA I",0.00,0.00,0.00,0.00,0.00,0.00,0.00,0.00,0.00,0.00,0.00,0.00,0.00,0.00,0.00,0.00,0.00,0.00,0.00,0.00,0.00,0.00,0.00,0.00
"IQUIRA II",0.00,0.00,0.00,0.00,0.00,0.00,0.00,0.00,0.00,0.00,0.00,0.00,0.00,0.00,0.00,0.00,0.00,0.00,0.00,0.00,0.00,0.00,0.00,0.00
"ITUANGO",1200.00,1200.00,1200.00,1200.00,1200.00,1200.00,1200.00,1200.00,1200.00,1200.00,1200.00,1200.00,1200.00,1200.00,1200.00,1200.00,1200.00,1200.00,1200.00,1200.00,1200.00,1200.00,1200.00,1200.00
"JAGUAS",0.00,0.00,0.00,0.00,0.00,0.00,0.00,0.00,0.00,0.00,0.00,0.00,0.00,0.00,0.00,0.00,0.00,0.00,170.00,170.00,170.00,0.00,59.60,0.00
"JEQUES",0.00,0.00,0.00,0.00,0.00,0.00,0.03,0.24,0.36,0.51,0.63,0.54,0.61,0.20,0.10,0.00,0.00,0.00,0.00,0.00,0.00,0.00,0.00,0.00
"JUAN GARCIA",3.80,3.80,3.80,3.80,3.80,3.80,3.80,3.80,3.80,3.80,3.80,3.80,3.80,3.80,3.80,3.80,3.80,3.80,3.80,3.80,3.80,3.80,3.80,3.80
"JUMI",0.00,0.00,0.00,0.00,0.00,0.70,2.74,5.13,7.27,9.04,9.90,9.90,9.34,8.03,5.91,3.29,1.00,0.03,0.00,0.00,0.00,0.00,0.00,0.00
"LA CASCADA ( ABEJORRAL)",3.00,3.00,3.00,3.00,3.00,3.00,3.00,3.00,3.00,3.00,3.00,3.00,3.00,3.00,3.00,3.00,3.00,3.00,3.00,3.00,3.00,3.00,3.00,3.00
"LA CASCADA (ANTIOQUIA)",2.06,2.06,2.06,2.06,2.06,2.06,2.06,2.06,2.06,2.06,2.06,2.06,2.06,2.06,2.06,2.06,2.06,2.06,2.06,2.06,2.06,2.06,2.06,2.06
"LA CASCADA DE GRANADA",0.70,0.70,0.70,0.70,0.70,0.70,0.70,0.70,0.70,0.70,0.70,0.70,0.70,0.70,0.70,0.70,0.70,0.70,0.70,0.70,0.70,0.70,0.70,0.70
"LA CHORRERA",14.00,14.00,14.00,14.00,14.00,14.00,14.00,14.00,14.00,14.00,14.00,14.00,14.00,14.00,14.00,14.00,14.00,14.00,14.00,14.00,14.00,14.00,14.00,14.00
"LA FRISOLERA",0.29,0.29,0.29,0.29,0.29,0.29,0.29,0.29,0.29,0.29,0.29,0.29,0.29,0.29,0.29,0.29,0.29,0.29,0.29,0.29,0.29,0.29,0.29,0.29
"LA HERRADURA",16.00,16.00,16.00,16.00,16.00,16.00,16.00,16.00,16.00,16.00,16.00,16.00,16.00,16.00,16.00,16.00,16.00,16.00,16.00,16.00,16.00,16.00,16.00,16.00
"LA INGLESA",0.00,0.00,0.00,0.00,0.00,0.01,0.30,0.60,0.60,0.70,0.70,0.80,0.70,0.70,0.70,0.30,0.01,0.05,0.00,0.00,0.00,0.00,0.00,0.00
"LA MATA",0.00,0.00,0.00,0.00,0.00,0.00,11.00,38.00,57.00,80.00,80.00,80.00,80.00,73.00,68.00,59.00,60.00,50.00,0.00,0.00,0.00,0.00,0.00,0.00
"LA MEDINA",0.00,0.00,0.00,0.00,0.00,0.00,1.00,2.00,3.00,6.00,8.00,8.00,8.00,6.00,6.00,5.00,3.00,0.00,0.00,0.00,0.00,0.00,0.00,0.00
"LA NAVETA",3.00,3.00,3.00,3.00,3.00,3.00,3.00,3.00,3.00,3.00,3.00,3.00,3.00,3.00,3.00,3.00,3.00,3.00,3.00,3.00,3.00,3.00,3.00,3.00
"LA NENERA",0.00,0.00,0.00,0.00,0.00,0.00,0.02,0.06,0.30,0.66,0.97,0.96,0.86,0.79,0.61,0.47,0.28,0.09,0.00,0.00,0.00,0.00,0.00,0.00
"LA PITA",0.00,0.00,0.00,0.00,0.00,0.00,0.00,0.00,0.00,0.00,0.00,0.00,0.00,0.00,0.00,0.00,0.00,0.00,0.00,0.00,0.00,0.00,0.00,0.00
"LA REBUSCA",0.65,0.65,0.65,0.65,0.65,0.65,0.65,0.65,0.65,0.65,0.65,0.65,0.65,0.65,0.65,0.65,0.65,0.65,0.65,0.65,0.65,0.65,0.65,0.65
"LA SIERPE",0.00,0.00,0.00,0.00,0.00,0.00,2.00,6.00,8.00,12.00,18.00,19.00,19.00,19.00,14.00,12.00,4.00,6.00,1.00,0.00,0.00,0.00,0.00,0.00
"LA TASAJERA",0.00,0.00,0.00,0.00,0.00,0.00,0.00,0.00,0.00,0.00,0.00,0.00,0.00,0.00,0.00,0.00,0.00,138.04,306.00,306.00,306.00,104.75,306.00,46.61
"LA TOLUA",0.00,0.00,0.00,0.00,0.00,0.00,2.00,4.00,10.00,12.00,18.00,19.00,19.00,18.00,14.00,10.00,8.00,6.00,1.00,0.00,0.00,0.00,0.00,0.00
"LA VUELTA",7.00,7.00,7.00,7.00,7.00,7.00,7.00,7.00,7.00,7.00,7.00,7.00,7.00,7.00,7.00,7.00,7.00,7.00,7.00,7.00,7.00,7.00,7.00,7.00
"LAGUNETA",18.00,18.00,18.00,18.00,18.00,18.00,18.00,18.00,18.00,18.00,18.00,18.00,18.00,18.00,18.00,18.00,18.00,18.00,18.00,18.00,18.00,18.00,18.00,18.00
"LAS PALMAS",2.80,2.80,2.80,2.80,2.80,2.80,2.80,2.80,2.80,2.80,2.80,2.80,2.80,2.80,2.80,2.80,2.80,2.80,2.80,2.80,2.80,2.80,2.80,2.80
"LAS VIOLETAS",0.45,0.45,0.45,0.45,0.45,0.45,0.45,0.45,0.45,0.45,0.45,0.45,0.45,0.45,0.45,0.45,0.45,0.45,0.45,0.45,0.45,0.45,0.45,0.00
"LATAM SOLAR LA LOMA",0.00,0.00,0.00,0.00,0.00,0.00,8.00,45.00,105.00,122.00,122.00,122.00,122.00,111.00,86.00,65.00,54.00,30.00,0.00,0.00,0.00,0.00,0.00,0.00
"LOS CABALLEROS",0.00,0.00,0.00,0.00,0.00,0.00,1.00,2.00,3.00,6.00,8.00,9.00,8.00,6.00,6.00,5.00,3.00,0.00,0.00,0.00,0.00,0.00,0.00,0.00
"LOS GIRASOLES",0.00,0.00,0.00,0.00,0.00,0.51,3.03,5.59,7.73,9.17,9.50,9.50,8.96,7.55,5.57,3.08,0.65,0.00,0.00,0.00,0.00,0.00,0.00,0.00
"LUZMA I",10.00,12.00,12.00,12.00,12.00,12.00,8.00,14.00,14.00,16.00,16.00,18.00,18.00,18.00,18.00,18.00,18.00,18.00,18.00,18.00,18.00,18.00,16.00,14.00
"LUZMA II",10.00,12.00,12.00,12.00,12.00,10.00,8.00,14.00,14.00,14.00,16.00,18.00,18.00,18.00,18.00,18.00,18.00,18.00,18.00,18.00,18.00,18.00,16.00,14.00
"MAGALLO",5.30,5.30,5.30,5.30,5.30,5.30,5.30,5.30,5.30,5.30,5.30,5.30,5.30,5.30,5.30,5.30,5.30,5.30,5.30,5.30,5.30,5.30,5.30,5.30
"MANANTIALES",0.00,0.00,0.00,0.00,0.00,0.00,0.00,0.00,0.00,0.00,0.00,0.00,0.00,0.00,0.00,0.00,0.00,0.00,0.00,0.00,0.00,0.00,0.00,0.00
"MAYAGUEZ 1",13.00,13.00,17.00,16.00,16.00,16.00,16.00,16.00,15.00,14.00,14.00,10.00,16.00,18.00,16.00,14.00,17.00,19.00,17.00,17.00,18.00,19.00,9.00,12.00
"MERILECTRICA 1",0.00,0.00,0.00,0.00,0.00,0.00,0.00,0.00,0.00,0.00,0.00,0.00,0.00,0.00,0.00,0.00,0.00,0.00,0.00,0.00,0.00,0.00,0.00,0.00
"MIEL I",198.00,186.00,186.00,186.00,186.00,186.00,186.00,186.00,186.00,186.00,186.00,186.00,186.00,186.00,186.00,186.00,186.00,186.00,186.00,186.00,186.00,186.00,186.00,186.00
"MINIGRANJA EL MERENGUE",0.00,0.00,0.00,0.00,0.00,0.01,0.30,0.60,0.60,0.70,0.80,0.90,0.80,0.70,0.70,0.30,0.10,0.05,0.00,0.00,0.00,0.00,0.00,0.00
"MINIGRANJA EL MOLINO",0.00,0.00,0.00,0.00,0.00,0.01,0.30,0.60,0.60,0.70,0.70,0.80,0.70,0.70,0.70,0.30,0.01,0.05,0.00,0.00,0.00,0.00,0.00,0.00
"MINIGRANJA EL SON",0.00,0.00,0.00,0.00,0.00,0.01,0.30,0.60,0.60,0.70,0.70,0.80,0.70,0.70,0.70,0.30,0.10,0.05,0.00,0.00,0.00,0.00,0.00,0.00
"MINIGRANJA LA PAZ ESMERALDA",0.00,0.00,0.00,0.00,0.00,0.01,0.30,0.60,0.60,0.70,0.70,0.80,0.70,0.70,0.70,0.30,0.10,0.05,0.00,0.00,0.00,0.00,0.00,0.00
"MINIGRANJA LA PAZ LEYENDA",0.00,0.00,0.00,0.00,0.00,0.01,0.30,0.60,0.60,0.70,0.70,0.80,0.70,0.70,0.70,0.30,0.01,0.05,0.00,0.00,0.00,0.00,0.00,0.00
"MINIGRANJA LA PAZ VALLENATA",0.00,0.00,0.00,0.00,0.00,0.01,0.30,0.60,0.60,0.70,0.70,0.80,0.70,0.70,0.70,0.30,0.01,0.05,0.00,0.00,0.00,0.00,0.00,0.00
"MINIGRANJA LA PAZ VERSO",0.00,0.00,0.00,0.00,0.00,0.01,0.30,0.60,0.60,0.70,0.70,0.80,0.70,0.70,0.70,0.30,0.10,0.05,0.00,0.00,0.00,0.00,0.00,0.00
"MINIGRANJA LA PUYA",0.00,0.00,0.00,0.00,0.00,0.01,0.30,0.60,0.60,0.70,0.70,0.80,0.70,0.70,0.70,0.30,0.10,0.05,0.00,0.00,0.00,0.00,0.00,0.00
"MINIGRANJA SAN PEDRO",0.00,0.00,0.00,0.00,0.00,0.00,0.14,0.32,0.32,0.55,0.64,0.73,0.82,0.73,0.64,0.55,0.32,0.14,0.00,0.00,0.00,0.00,0.00,0.00
"MINIGRANJA VILLANUEVA",0.00,0.00,0.00,0.00,0.00,0.01,0.30,0.60,0.60,0.70,0.80,0.90,0.80,0.70,0.70,0.30,0.10,0.05,0.00,0.00,0.00,0.00,0.00,0.00
"MIROLINDO",2.75,2.75,2.75,2.75,2.75,2.75,2.75,2.75,2.75,2.75,2.75,2.75,2.75,2.75,2.75,2.75,2.75,2.75,2.75,2.75,2.75,2.75,2.75,2.75
"MONDOMO",0.42,0.42,0.42,0.42,0.42,0.42,0.42,0.42,0.42,0.42,0.42,0.42,0.42,0.42,0.42,0.42,0.42,0.42,0.42,0.42,0.42,0.42,0.42,0.42
"MONTELIBANO",0.00,0.00,0.00,0.00,0.00,0.00,0.00,1.00,2.00,2.00,2.00,3.00,3.00,4.00,4.00,0.00,0.00,0.00,0.00,0.00,0.00,0.00,0.00,0.00
"MORRO AZUL",19.00,19.00,19.00,19.00,19.00,19.00,19.00,19.00,19.00,19.00,19.00,19.00,19.00,19.00,19.00,19.00,19.00,19.00,19.00,19.00,19.00,19.00,19.00,19.00
"MULATOS II",7.25,7.25,7.25,7.25,7.25,7.25,7.25,7.25,7.25,7.25,7.25,7.25,7.25,7.25,7.25,7.25,7.25,7.25,7.25,7.25,7.25,7.25,7.25,7.25
"MUNICIPAL",0.60,0.60,0.60,0.60,0.60,0.60,0.60,0.60,0.60,0.60,0.60,0.60,0.60,0.60,0.60,0.60,0.60,0.60,0.60,0.60,0.60,0.60,0.60,0.60
"NIMA",6.00,6.00,6.00,6.00,6.00,6.00,6.00,6.00,6.00,6.00,6.00,6.00,6.00,6.00,6.00,6.00,6.00,6.00,6.00,6.00,6.00,6.00,6.00,6.00
"NIQUIA",12.00,12.00,12.00,14.00,14.00,14.00,14.00,14.00,14.00,14.00,14.00,14.00,14.00,14.00,14.00,14.00,14.00,14.00,14.00,14.00,14.00,14.00,14.00,14.00
"NUEVO LIBARE",3.00,3.00,3.00,3.00,3.00,3.00,3.00,3.00,3.00,3.00,3.00,3.00,3.00,3.00,3.00,3.00,3.00,3.00,3.00,3.00,3.00,3.00,3.00,3.00
"NUMBANA",0.00,0.00,0.00,0.00,0.00,0.46,2.00,3.75,5.38,7.01,7.93,8.04,7.46,6.29,4.67,2.62,0.63,0.00,0.00,0.00,0.00,0.00,0.00,0.00
"NUTIBARA",0.00,0.00,0.00,0.00,0.00,0.00,0.00,0.00,0.00,0.00,0.00,0.00,0.00,0.00,0.00,0.00,0.00,0.00,0.00,0.00,0.00,0.00,0.00,0.00
"OIBITA",19.90,19.90,19.90,19.90,19.90,19.90,19.90,19.90,19.90,19.90,19.90,19.90,19.90,19.90,19.90,19.90,19.90,19.90,19.90,19.90,19.90,19.90,19.90,19.90
"OVEJAS",0.70,0.70,0.70,0.70,0.70,0.70,0.70,0.70,0.70,0.70,0.70,0.70,0.70,0.70,0.70,0.70,0.70,0.70,0.70,0.70,0.70,0.70,0.70,0.70
"PAGUA",0.00,0.00,0.00,0.00,0.00,0.00,0.00,0.00,0.00,0.00,0.00,0.00,0.00,0.00,0.00,0.00,0.00,0.00,467.22,356.24,121.90,0.00,0.00,0.00
"PAIPA 1",0.00,0.00,0.00,0.00,0.00,0.00,0.00,0.00,0.00,0.00,0.00,0.00,0.00,0.00,0.00,0.00,0.00,0.00,0.00,0.00,0.00,0.00,0.00,0.00
"PAIPA 2",0.00,0.00,0.00,0.00,0.00,0.00,0.00,0.00,0.00,0.00,0.00,0.00,0.00,0.00,0.00,0.00,0.00,0.00,0.00,0.00,0.00,0.00,0.00,0.00
"PAIPA 3",0.00,0.00,0.00,0.00,0.00,0.00,0.00,0.00,0.00,0.00,0.00,0.00,0.00,0.00,0.00,0.00,0.00,0.00,0.00,0.00,0.00,0.00,0.00,0.00
"PAIPA 4",0.00,0.00,0.00,0.00,0.00,0.00,0.00,0.00,0.00,0.00,0.00,0.00,0.00,0.00,0.00,0.00,0.00,0.00,0.00,0.00,0.00,0.00,0.00,0.00
"PAJARITO",11.60,11.60,11.60,11.60,11.60,11.60,11.60,11.60,11.60,11.60,11.60,11.60,11.60,11.60,11.60,11.60,11.60,11.60,11.60,11.60,11.60,11.60,11.60,11.60
"PALMAS SAN GIL",7.00,7.00,7.00,7.00,7.00,7.00,7.00,7.00,7.00,7.00,7.00,7.00,7.00,7.00,7.00,7.00,7.00,7.00,7.00,7.00,7.00,7.00,7.00,7.00
"PAPELES NACIONALES",0.00,0.00,0.00,0.00,0.00,0.00,0.00,0.00,0.00,0.00,0.00,0.00,0.00,0.00,0.00,0.00,0.00,0.00,0.00,0.00,0.00,0.00,0.00,0.00
"PARQUE EOLICO GUAJIRA I",6.21,7.93,7.80,7.22,7.83,6.53,7.69,7.97,4.76,4.87,1.99,1.99,1.99,5.53,11.94,11.94,11.94,11.94,11.94,11.94,11.94,10.05,9.34,7.41
"PARQUE EÓLICO WESP01",3.91,4.87,4.79,4.45,4.46,3.94,3.88,4.48,2.62,3.00,1.99,1.99,1.99,4.10,8.68,10.84,10.46,8.65,7.60,6.55,5.04,4.04,3.42,2.67
"PARQUE SOLAR ARENAL",0.00,0.00,0.00,0.00,0.00,0.00,0.30,0.70,0.70,1.20,1.40,1.60,1.80,1.60,1.40,1.20,0.70,0.30,0.00,0.00,0.00,0.00,0.00,0.00
"PARQUE SOLAR BARANOA",0.00,0.00,0.00,0.00,0.00,1.00,6.00,14.00,17.00,17.00,18.00,19.00,17.00,16.00,15.00,10.00,3.00,1.00,0.00,0.00,0.00,0.00,0.00,0.00
"PARQUE SOLAR DINAMARCA",0.00,0.00,0.00,0.00,0.00,0.01,0.03,0.24,0.36,0.51,0.63,0.54,0.61,0.20,0.10,0.00,0.00,0.00,0.00,0.00,0.00,0.00,0.00,0.00
"PARQUE SOLAR HONDA I",0.00,0.00,0.00,0.00,0.00,0.00,1.00,2.00,4.00,6.00,6.00,9.00,9.00,9.00,8.00,6.00,4.00,2.00,1.00,0.00,0.00,0.00,0.00,0.00
"PARQUE SOLAR HONDA II",0.00,0.00,0.00,0.00,0.00,0.00,1.00,2.00,3.00,4.00,6.00,8.00,9.00,9.00,6.00,7.00,7.00,2.00,1.00,0.00,0.00,0.00,0.00,0.00
"PARQUE SOLAR LA MENA",0.00,0.00,0.00,0.00,0.00,0.01,0.03,0.24,0.36,0.51,0.63,0.54,0.61,0.20,0.10,0.00,0.00,0.00,0.00,0.00,0.00,0.00,0.00,0.00
"PARQUE SOLAR LA UNION",0.00,0.00,0.00,0.00,0.00,0.00,10.00,39.00,62.00,77.00,82.00,89.00,92.00,95.00,93.00,100.00,100.00,78.00,0.00,0.00,0.00,0.00,0.00,0.00
"PARQUE SOLAR TEPUY",0.00,0.00,0.00,0.00,0.00,0.00,5.00,29.00,49.00,62.00,74.00,79.00,78.00,70.00,58.00,41.00,22.00,4.00,0.00,0.00,0.00,0.00,0.00,0.00
"PARQUE SOLAR VERSALLES",0.00,0.00,0.00,0.00,0.00,0.01,0.03,0.24,0.36,0.51,0.63,0.54,0.61,0.20,0.10,0.00,0.00,0.00,0.00,0.00,0.00,0.00,0.00,0.00
"PASTALES",0.63,0.63,0.63,0.63,0.63,0.63,0.63,0.63,0.63,0.63,0.63,0.63,0.63,0.63,0.63,0.63,0.63,0.63,0.63,0.63,0.63,0.63,0.63,0.63
"PATICO - LA CABRERA",1.16,1.15,1.16,1.18,1.12,1.06,1.05,1.04,1.11,0.97,1.08,0.98,1.04,1.06,1.08,1.10,1.13,1.11,1.11,1.10,1.07,1.02,1.01,1.03
"PCH LA LIBERTAD",0.21,0.21,0.21,0.21,0.21,0.21,0.21,0.21,0.21,0.21,0.21,0.21,0.21,0.21,0.21,0.21,0.21,0.21,0.21,0.21,0.21,0.21,0.21,0.21
"PETALO DE CORDOBA II",0.00,0.00,0.00,0.00,0.00,0.00,0.19,2.41,5.37,7.69,8.08,7.49,6.88,7.33,6.22,5.90,4.43,1.05,0.00,0.00,0.00,0.00,0.00,0.00
"PETALO DEL MAGDALENA",0.00,0.00,0.00,0.00,0.00,0.00,1.00,5.00,3.00,3.00,3.00,2.00,2.00,2.00,3.00,2.00,1.00,0.00,0.00,0.00,0.00,0.00,0.00,0.00
"PLANTA SOLAR BAYUNCA I",0.00,0.00,0.00,0.00,0.00,0.10,0.70,1.60,2.10,2.20,2.10,2.40,2.40,2.20,1.80,1.00,0.30,0.00,0.00,0.00,0.00,0.00,0.00,0.00
"PLAYAS",0.00,0.00,0.00,0.00,0.00,0.00,0.00,0.00,0.00,0.00,0.00,0.00,0.00,0.00,0.00,0.00,0.00,0.00,0.00,0.00,0.00,0.00,0.00,0.00
"POCUNE",1.00,1.00,1.00,1.00,1.00,1.00,1.00,1.00,1.00,1.00,1.00,1.00,1.00,1.00,1.00,1.00,1.00,1.00,1.00,1.00,1.00,1.00,1.00,1.00
"PORCE II",0.00,0.00,0.00,0.00,0.00,0.00,0.00,0.00,0.00,0.00,0.00,0.00,0.00,0.00,0.00,0.00,0.00,0.00,0.00,0.00,0.00,0.00,0.00,0.00
"PORCE III",700.00,700.00,700.00,700.00,700.00,700.00,700.00,700.00,700.00,700.00,700.00,700.00,700.00,700.00,700.00,700.00,700.00,700.00,700.00,700.00,700.00,700.00,700.00,700.00
"PORCE III MENOR",1.50,1.50,1.50,1.50,1.50,1.50,1.50,1.50,1.50,1.50,1.50,1.50,1.50,1.50,1.50,1.50,1.50,1.50,1.50,1.50,1.50,1.50,1.50,1.50
"PORTON DEL SOL",0.00,0.00,0.00,0.00,0.00,0.00,12.00,40.00,67.00,95.00,100.00,100.00,100.00,99.00,90.00,73.00,36.00,9.00,0.00,0.00,0.00,0.00,0.00,0.00
"POWER PLANT DRUMMOND 1",5.00,5.00,5.00,5.00,5.00,5.00,5.00,5.00,5.00,5.00,5.00,5.00,5.00,5.00,5.00,5.00,5.00,5.00,5.00,5.00,5.00,5.00,5.00,5.00
"PRADO",51.00,51.00,51.00,51.00,51.00,51.00,51.00,51.00,51.00,51.00,51.00,51.00,51.00,51.00,51.00,51.00,51.00,51.00,51.00,51.00,51.00,51.00,51.00,51.00
"PRADO IV",0.00,0.00,0.00,0.00,0.00,0.00,0.00,0.00,0.00,0.00,0.00,0.00,0.00,0.00,0.00,0.00,0.00,0.00,0.00,0.00,0.00,0.00,0.00,0.00
"PROELECTRICA 1",0.00,0.00,0.00,0.00,0.00,0.00,0.00,0.00,0.00,0.00,0.00,0.00,0.00,0.00,0.00,0.00,0.00,0.00,0.00,0.00,0.00,0.00,0.00,0.00
"PROELECTRICA 2",42.00,42.00,42.00,20.00,0.00,0.00,0.00,0.00,20.00,34.00,42.00,42.00,42.00,42.00,42.00,42.00,42.00,42.00,42.00,42.00,42.00,42.00,42.00,42.00
"PROENCA II 1",0.00,0.00,0.00,0.00,0.00,0.00,0.00,0.00,0.00,0.00,0.00,0.00,0.00,0.00,0.00,0.00,0.00,0.00,0.00,0.00,0.00,0.00,0.00,0.00
"PROVIDENCIA",3.88,3.88,3.88,3.88,3.88,3.88,4.12,3.28,3.28,3.28,4.37,3.28,4.90,4.90,4.90,4.90,3.28,3.88,3.88,3.88,3.88,3.88,3.88,3.88
"PUENTE GUILLERMO",0.30,0.30,0.30,0.30,0.30,0.30,0.30,0.30,0.30,0.30,0.30,0.30,0.30,0.30,0.30,0.30,0.30,0.30,0.30,0.30,0.30,0.30,0.30,0.30
"REMEDIOS",0.65,0.65,0.65,0.66,0.66,0.66,0.66,0.65,0.65,0.65,0.65,0.66,0.66,0.66,0.66,0.66,0.66,0.66,0.66,0.66,0.66,0.66,0.66,0.65
"RIO BOBO",4.00,4.00,4.00,4.00,4.00,4.00,4.00,4.00,4.00,4.00,4.00,4.00,4.00,4.00,4.00,4.00,4.00,4.00,4.00,4.00,4.00,4.00,4.00,4.00
"RIO CALI",0.00,0.00,0.00,0.00,0.00,0.00,0.00,0.00,0.00,0.00,0.00,0.00,0.00,0.00,0.00,0.00,0.00,0.00,0.00,0.00,0.00,0.00,0.00,0.00
"RIO FRIO I",1.00,1.00,1.00,1.00,1.00,1.00,1.00,1.00,1.00,1.00,1.00,1.00,1.00,1.00,1.00,1.00,1.00,1.00,1.00,1.00,1.00,1.00,1.00,1.00
"RIO FRIO II",7.00,7.00,7.00,7.00,7.00,7.00,7.00,7.00,7.00,6.00,6.00,6.00,6.00,6.00,6.00,6.00,6.00,6.00,6.00,6.00,6.00,7.00,7.00,7.00
"RIO GRANDE",0.00,0.00,0.00,0.00,0.00,0.00,0.00,0.00,0.00,0.00,0.00,0.00,0.00,0.00,0.00,0.00,0.00,0.00,0.00,0.00,0.00,0.00,0.00,0.00
"RIO MAYO",19.80,19.80,19.80,19.80,19.80,19.80,19.80,19.80,19.80,19.80,19.80,19.80,19.80,19.80,19.80,19.80,19.80,19.80,19.80,19.80,19.80,19.80,19.80,19.80
"RIO PALO",0.95,0.95,0.95,0.95,0.95,0.95,0.95,0.95,0.95,0.95,0.95,0.95,0.95,0.95,0.95,0.95,0.95,0.95,0.95,0.95,0.95,0.95,0.95,0.95
"RIO PIEDRAS",0.00,0.00,0.00,0.00,0.00,0.00,0.00,0.00,10.00,10.00,0.00,2.00,0.00,10.00,18.00,12.00,10.00,8.00,18.00,18.00,18.00,18.00,18.00,18.00
"RIO RECIO",0.39,0.39,0.39,0.39,0.39,0.39,0.39,0.39,0.39,0.39,0.39,0.39,0.39,0.39,0.39,0.39,0.39,0.39,0.39,0.39,0.39,0.39,0.39,0.39
"RIO SAPUYES",0.00,0.00,0.00,0.00,0.00,0.00,0.00,0.00,0.00,0.00,0.00,0.00,0.00,0.00,0.00,0.00,0.00,0.00,0.00,0.00,0.00,0.00,0.00,0.00
"RIOFRIO (TAMESIS)",0.80,0.80,0.80,0.80,0.80,0.80,0.80,0.80,0.80,0.80,0.80,0.80,0.80,0.80,0.80,0.80,0.80,0.80,0.80,0.80,0.80,0.80,0.80,0.80
"RIOGRANDE I",19.00,19.00,19.00,19.00,19.00,19.00,19.00,19.00,19.00,19.00,19.00,19.00,19.00,19.00,19.00,19.00,19.00,19.00,19.00,19.00,19.00,19.00,19.00,19.00
"RIONEGRO",7.00,7.00,7.00,7.00,7.00,7.00,7.00,7.00,7.00,7.00,7.00,7.00,7.00,7.00,7.00,7.00,7.00,7.00,7.00,7.00,7.00,7.00,7.00,7.00
"ROKRA",0.00,0.00,0.00,0.00,0.00,0.01,0.42,1.83,3.77,5.63,6.74,7.82,8.08,7.27,6.16,4.62,2.46,0.51,0.00,0.00,0.00,0.00,0.00,0.00
"ROVIRA",0.00,0.00,0.00,0.00,0.00,0.32,1.60,2.24,2.70,3.00,3.10,3.10,2.50,2.17,2.00,1.26,0.21,0.14,0.00,0.00,0.00,0.00,0.00,0.00
"RUMOR",1.00,1.00,1.00,1.00,1.00,1.00,1.00,2.00,2.00,2.00,1.00,1.00,1.00,1.00,1.00,1.00,1.00,1.00,1.00,1.00,1.00,1.00,1.00,1.00
"SAJANDI",0.00,0.00,0.00,0.00,0.00,0.00,0.00,0.00,0.00,0.00,0.00,0.00,0.00,0.00,0.00,0.00,0.00,0.00,0.00,0.00,0.00,0.00,0.00,0.00
"SALTO II",35.00,35.00,35.00,35.00,35.00,35.00,35.00,35.00,35.00,35.00,35.00,35.00,35.00,35.00,35.00,35.00,35.00,35.00,35.00,35.00,35.00,35.00,35.00,35.00
"SALVAJINA",220.00,220.00,220.00,220.00,220.00,220.00,220.00,220.00,220.00,220.00,220.00,220.00,220.00,220.00,220.00,220.00,220.00,315.00,315.00,315.00,315.00,315.00,220.00,220.00
"SAN ANDRES DE CUERQUIA",18.00,18.00,18.00,18.00,18.00,18.00,18.00,18.00,18.00,18.00,18.00,18.00,18.00,18.00,18.00,18.00,18.00,18.00,18.00,4.00,18.00,18.00,10.00,12.00
"SAN BARTOLOME",19.90,19.90,19.90,19.90,19.90,19.90,19.90,19.90,19.90,19.90,19.90,19.90,19.90,19.90,19.90,19.90,19.90,19.90,19.90,19.90,19.90,19.90,19.90,19.90
"SAN CANCIO",0.00,0.00,0.00,0.00,0.00,0.00,0.00,0.00,0.00,0.00,0.00,0.00,0.00,0.00,0.00,0.00,0.00,0.00,0.00,0.00,0.00,0.00,0.00,0.00
"SAN CARLOS",944.00,1018.00,1018.00,1018.00,1018.00,1018.00,1018.00,1018.00,1018.00,1000.00,987.00,989.00,984.00,990.00,997.00,1018.00,1018.00,1018.00,856.00,1018.00,1018.00,1018.00,946.00,962.00
"SAN FRANCISCO",0.00,0.00,0.00,0.00,0.00,0.00,0.00,0.00,0.00,0.00,0.00,0.00,0.00,0.00,0.00,0.00,0.00,0.00,0.00,0.00,0.00,0.00,0.00,0.00
"SAN FRANCISCO (PUTUMAYO)",0.35,0.35,0.35,0.35,0.35,0.35,0.35,0.35,0.35,0.35,0.35,0.35,0.35,0.35,0.35,0.35,0.35,0.35,0.35,0.35,0.35,0.35,0.35,0.35
"SAN JOSE",0.00,0.00,0.00,0.00,0.00,0.00,0.00,0.00,0.00,0.00,0.00,0.00,0.00,0.00,0.00,0.00,0.00,0.00,0.00,0.00,0.00,0.00,0.00,0.00
"SAN JOSE DE LA MONTAŃA",0.00,0.00,0.00,0.00,0.00,0.00,0.00,0.00,0.00,0.00,0.00,0.00,0.00,0.00,0.00,0.00,0.00,0.00,0.00,0.00,0.00,0.00,0.00,0.00
"SAN JOSE DE LA MONTAŃA II",0.90,0.90,0.90,0.90,0.90,0.90,0.90,0.90,0.90,0.90,0.90,0.90,0.90,0.90,0.90,0.90,0.90,0.90,0.90,0.90,0.90,0.90,0.90,0.90
"SAN MATIAS",18.00,18.00,18.00,18.00,18.00,18.00,18.00,18.00,16.00,18.00,18.00,18.00,18.00,18.00,16.00,16.00,16.00,16.00,18.00,14.00,12.00,12.00,18.00,18.00
"SAN MIGUEL",47.00,47.00,47.00,47.00,47.00,47.00,47.00,47.00,47.00,47.00,47.00,47.00,47.00,47.00,47.00,47.00,47.00,47.00,47.00,47.00,47.00,47.00,47.00,47.00
"SANTA ANA",4.30,4.30,4.30,4.30,4.30,4.30,4.30,4.30,4.30,4.30,4.30,4.30,4.30,4.30,4.30,4.30,4.30,4.30,4.30,4.30,4.30,4.30,4.30,4.30
"SANTA RITA",1.10,1.10,1.10,1.10,1.10,1.10,1.10,1.10,1.10,1.10,1.10,1.10,1.10,1.10,1.10,1.10,1.10,1.10,1.10,1.10,1.10,1.10,1.10,1.10
"SANTIAGO",2.12,2.12,2.12,2.12,2.12,2.12,2.12,2.12,2.12,2.12,2.12,2.12,2.12,2.12,2.12,2.12,2.12,2.12,2.12,2.12,2.12,2.12,2.12,2.12
"SILVIA",0.32,0.32,0.32,0.32,0.32,0.32,0.32,0.32,0.32,0.32,0.32,0.32,0.32,0.32,0.32,0.32,0.32,0.32,0.32,0.32,0.32,0.32,0.32,0.32
"SINCE",0.00,0.00,0.00,0.00,0.00,0.00,0.00,0.00,0.00,1.00,5.00,14.00,16.00,10.00,7.00,7.00,4.00,1.00,0.00,0.00,0.00,0.00,0.00,0.00
"SOGAMOSO",644.00,469.00,423.00,423.00,423.00,423.00,423.00,423.00,423.00,423.00,423.00,423.00,423.00,423.00,423.00,423.00,423.00,423.00,819.00,819.00,819.00,644.00,598.00,423.00
"SOL Y CIELO I",0.00,0.00,0.00,0.00,0.00,0.68,2.81,4.73,6.05,7.09,6.49,6.44,6.07,5.00,3.89,2.40,0.75,0.00,0.00,0.00,0.00,0.00,0.00,0.00
"SOL Y CIELO II",0.00,0.00,0.00,0.00,0.00,0.00,0.00,0.16,0.28,0.43,0.55,0.71,0.71,0.45,0.42,0.38,0.19,0.06,0.00,0.00,0.00,0.00,0.00,0.00
"SOL Y CIELO III",0.00,0.00,0.00,0.00,0.00,0.00,0.00,0.16,0.28,0.43,0.55,0.71,0.71,0.45,0.42,0.38,0.19,0.06,0.00,0.00,0.00,0.00,0.00,0.00
"SOL Y CIELO IV",0.00,0.00,0.00,0.00,0.00,0.00,0.00,0.16,0.28,0.43,0.55,0.71,0.71,0.45,0.42,0.38,0.19,0.06,0.00,0.00,0.00,0.00,0.00,0.00
"SOL Y CIELO V",0.00,0.00,0.00,0.00,0.00,0.00,0.00,0.16,0.28,0.43,0.55,0.71,0.71,0.45,0.42,0.38,0.19,0.06,0.00,0.00,0.00,0.00,0.00,0.00
"SOL Y CIELO VI",0.00,0.00,0.00,0.00,0.00,0.00,0.00,0.16,0.28,0.43,0.55,0.71,0.71,0.45,0.42,0.38,0.19,0.06,0.00,0.00,0.00,0.00,0.00,0.00
"SOLAR ALEJANDRIA",0.00,0.00,0.00,0.00,0.00,0.01,0.03,0.24,0.36,0.51,0.63,0.54,0.61,0.20,0.10,0.00,0.00,0.00,0.00,0.00,0.00,0.00,0.00,0.00
"SOLAR OLD T",0.00,0.00,0.00,0.00,0.00,0.66,2.59,4.86,6.89,8.56,9.55,9.67,8.85,7.60,5.60,3.11,0.94,0.02,0.00,0.00,0.00,0.00,0.00,0.00
"SOLAR PALMASECA I",0.00,0.00,0.00,0.00,0.00,0.00,0.00,0.00,0.00,0.00,0.00,0.00,0.00,0.00,0.00,0.00,0.00,0.00,0.00,0.00,0.00,0.00,0.00,0.00
"SOLAR PLANETA RICA",0.00,0.00,0.00,0.00,0.00,0.00,0.00,2.00,10.00,14.00,17.00,10.00,8.00,7.00,8.00,7.00,3.00,1.00,0.00,0.00,0.00,0.00,0.00,0.00
"SONSON",0.00,0.00,0.00,0.00,0.00,0.00,0.00,0.00,0.00,0.00,0.00,0.00,0.00,0.00,0.00,0.00,0.00,0.00,0.00,0.00,0.00,0.00,0.00,0.00
"SUBA",0.50,0.50,0.50,0.50,0.50,0.50,0.50,0.50,0.50,0.50,0.50,0.50,0.50,0.50,0.50,0.50,0.50,0.50,0.50,0.50,0.50,0.50,0.50,0.50
"SUEVA 2",1.20,1.20,1.20,1.20,1.20,1.20,1.20,1.20,1.20,1.20,1.20,1.20,1.20,1.20,1.20,1.20,1.20,1.20,1.20,1.20,1.20,1.20,1.20,6.00
"SUNNORTE",0.00,0.00,0.00,0.00,0.00,0.00,3.00,11.00,20.00,26.00,30.00,29.00,25.00,20.00,15.00,10.00,5.00,1.00,0.00,0.00,0.00,0.00,0.00,0.00
"TASAJERO 1",0.00,0.00,0.00,0.00,0.00,0.00,0.00,0.00,0.00,0.00,0.00,0.00,0.00,0.00,0.00,0.00,0.00,0.00,0.00,0.00,0.00,0.00,0.00,0.00
"TASAJERO 2",0.00,0.00,0.00,0.00,0.00,0.00,45.00,66.00,66.00,66.00,66.00,66.00,66.00,66.00,66.00,66.00,66.00,66.00,66.00,66.00,66.00,66.00,66.00,66.00
"TEBSAB CC",437.00,234.00,234.00,234.00,234.00,234.00,210.00,210.00,210.00,210.00,210.00,210.00,210.00,210.00,210.00,210.00,234.00,291.00,425.00,438.00,503.77,425.00,425.00,425.00
"TEQUENDAMA 1",14.20,14.20,14.20,14.20,14.20,14.20,14.20,14.20,14.20,14.20,14.20,14.20,14.20,14.20,14.20,14.20,14.20,14.20,14.20,14.20,14.20,14.20,14.20,14.20
"TEQUENDAMA 2",14.20,14.20,14.20,14.20,14.20,14.20,14.20,14.20,14.20,14.20,14.20,14.20,14.20,14.20,14.20,14.20,14.20,14.20,14.20,14.20,14.20,14.20,14.20,14.20
"TEQUENDAMA 3",14.00,14.00,14.00,14.00,14.00,14.00,14.00,14.00,14.00,14.00,14.00,14.00,14.00,14.00,14.00,14.00,14.00,14.00,14.00,14.00,14.00,14.00,14.00,14.00
"TEQUENDAMA 4",11.50,11.50,11.50,11.50,11.50,11.50,11.50,11.50,11.50,11.50,11.50,11.50,11.50,11.50,11.50,11.50,11.50,11.50,11.50,11.50,11.50,11.50,11.50,11.50
"TEQUENDAMA BIOGAS",0.00,0.00,0.00,0.00,0.00,0.00,0.00,0.00,0.00,0.00,0.00,0.00,0.00,0.00,0.00,0.00,0.00,0.00,0.00,0.00,0.00,0.00,0.00,0.00
"TERMOBOLIVAR 1",0.00,0.00,0.00,0.00,0.00,0.00,0.00,0.00,0.00,0.00,0.00,0.00,0.00,0.00,0.00,0.00,0.00,0.00,0.00,0.00,0.00,0.00,0.00,0.00
"TERMOCANDELARIA CC",0.00,0.00,0.00,0.00,0.00,0.00,0.00,0.00,0.00,0.00,0.00,0.00,0.00,0.00,0.00,0.00,0.00,0.00,0.00,0.00,0.00,0.00,0.00,0.00
"TERMOCAPACHOS",3.00,3.00,3.00,3.00,3.00,3.00,3.00,3.00,3.00,3.00,3.00,3.00,3.00,3.00,3.00,3.00,3.00,3.00,3.00,3.00,3.00,3.00,3.00,3.00
"TERMOCARIBE III 1",0.00,0.00,0.00,0.00,0.00,0.00,0.00,0.00,0.00,0.00,0.00,0.00,0.00,0.00,0.00,0.00,0.00,0.00,0.00,0.00,0.00,0.00,0.00,0.00
"TERMOCENTRO CC",0.00,0.00,0.00,0.00,0.00,0.00,0.00,0.00,0.00,0.00,0.00,0.00,0.00,0.00,0.00,0.00,0.00,0.00,0.00,0.00,0.00,0.00,0.00,0.00
"TERMODORADA 1",0.00,0.00,0.00,0.00,0.00,0.00,0.00,0.00,0.00,0.00,0.00,0.00,0.00,0.00,0.00,0.00,0.00,0.00,0.00,0.00,0.00,0.00,0.00,0.00
"TERMOEMCALI CC",0.00,0.00,0.00,0.00,0.00,0.00,0.00,0.00,0.00,0.00,0.00,0.00,0.00,0.00,0.00,0.00,0.00,0.00,0.00,0.00,0.00,0.00,0.00,0.00
"TERMOMECHERO 4",18.80,18.80,18.80,18.80,18.80,18.80,18.80,18.80,18.80,18.80,18.80,18.80,18.80,18.80,18.80,18.80,18.80,18.80,18.80,18.80,18.80,18.80,18.80,18.80
"TERMOMECHERO 5",18.80,18.80,18.80,18.80,18.80,18.80,18.80,18.80,18.80,18.80,18.80,18.80,18.80,18.80,18.80,18.80,18.80,18.80,18.80,18.80,18.80,18.80,18.80,18.80
"TERMOMECHERO 6",18.80,18.80,18.80,18.80,18.80,18.80,18.80,18.80,18.80,18.80,18.80,18.80,18.80,18.80,18.80,18.80,18.80,18.80,18.80,18.80,18.80,18.80,18.80,18.80
"TERMONORTE",62.00,62.00,62.00,62.00,62.00,62.00,62.00,62.00,62.00,62.00,62.00,62.00,62.00,62.00,62.00,62.00,62.00,62.00,62.00,62.00,62.00,62.00,62.00,62.00
"TERMOPIEDRAS 1",3.75,3.75,3.75,3.75,3.75,3.75,3.75,3.75,3.75,3.75,3.75,3.75,3.75,3.75,3.75,3.75,3.75,3.75,3.75,3.75,3.75,3.75,3.75,3.75
"TERMOSIERRA CC",0.00,0.00,0.00,0.00,0.00,0.00,0.00,0.00,0.00,0.00,0.00,0.00,0.00,0.00,0.00,0.00,0.00,0.00,0.00,0.00,0.00,0.00,0.00,0.00
"TERMOTASAJERO DOS SOLAR",0.00,0.00,0.00,0.00,0.00,0.00,0.30,0.50,1.70,2.70,3.40,3.40,3.40,3.40,2.70,1.70,0.40,0.20,0.00,0.00,0.00,0.00,0.00,0.00
"TERMOVALLE CC",0.00,0.00,0.00,0.00,0.00,0.00,0.00,0.00,0.00,0.00,0.00,0.00,0.00,0.00,0.00,0.00,0.00,0.00,0.00,0.00,0.00,0.00,0.00,0.00
"TERMOYOPAL 1",8.00,8.00,8.00,8.00,8.00,8.00,8.00,8.00,8.00,8.00,8.00,8.00,8.00,8.00,8.00,8.00,8.00,8.00,8.00,8.00,8.00,8.00,8.00,8.00
"TERMOYOPAL 2",28.00,28.00,28.00,28.00,28.00,28.00,28.00,28.00,28.00,28.00,28.00,28.00,28.00,28.00,28.00,28.00,28.00,28.00,28.00,28.00,28.00,28.00,28.00,28.00
"TERMOYOPAL G3",49.00,49.00,49.00,49.00,49.00,49.00,49.00,49.00,49.00,49.00,49.00,49.00,49.00,49.00,49.00,49.00,49.00,49.00,49.00,49.00,49.00,49.00,49.00,49.00
"TERMOYOPAL G4",0.00,0.00,0.00,0.00,0.00,0.00,0.00,0.00,0.00,0.00,0.00,0.00,0.00,0.00,0.00,0.00,0.00,0.00,0.00,0.00,0.00,0.00,0.00,0.00
"TERMOYOPAL G5",0.00,0.00,0.00,0.00,0.00,0.00,0.00,0.00,0.00,0.00,0.00,0.00,0.00,0.00,0.00,0.00,0.00,0.00,0.00,0.00,0.00,0.00,0.00,0.00
"TESORITO",0.00,0.00,0.00,0.00,0.00,0.00,0.00,0.00,0.00,0.00,0.00,0.00,0.00,0.00,0.00,0.00,0.00,0.00,0.00,0.00,0.00,0.00,0.00,0.00
"TIERRA LINDA",0.00,0.00,0.00,0.00,0.00,0.00,1.00,2.00,3.00,4.00,8.00,9.00,9.00,9.00,6.00,7.00,7.00,2.00,1.00,0.00,0.00,0.00,0.00,0.00
"TRINA-VATIA BSLI",0.00,0.00,0.00,0.00,0.00,3.03,5.49,9.29,9.83,10.68,10.52,10.57,11.48,11.78,12.25,10.28,6.77,3.39,0.00,0.00,0.00,0.00,0.00,0.00
"TRINA-VATIA BSLII",0.00,0.00,0.00,0.00,0.00,3.03,5.49,9.29,9.83,10.68,10.52,10.57,11.48,11.78,12.25,10.28,6.77,3.39,0.00,0.00,0.00,0.00,0.00,0.00
"TRINA-VATIA BSLIII",0.00,0.00,0.00,0.00,0.00,3.03,5.49,9.29,9.83,10.68,10.52,10.57,11.48,11.78,12.25,10.28,6.77,3.39,0.00,0.00,0.00,0.00,0.00,0.00
"TUNJITA",19.60,19.60,19.60,19.60,19.60,19.60,19.60,19.60,19.60,19.60,19.60,19.60,19.60,19.60,19.60,19.60,19.60,19.60,19.60,19.60,19.60,19.60,19.60,19.60
"TZ II",9.80,9.80,9.80,9.80,9.80,9.80,9.80,9.80,9.80,9.80,9.80,9.80,9.80,9.80,9.80,9.80,9.80,9.80,9.80,9.80,9.80,9.80,10.00,10.00
"UNION",0.60,0.60,0.60,0.60,0.60,0.60,0.60,0.60,0.60,0.60,0.60,0.60,0.60,0.60,0.60,0.60,0.60,0.60,0.60,0.60,0.60,0.60,0.60,0.00
"URRA",243.00,243.00,243.00,243.00,243.00,243.00,243.00,243.00,243.00,243.00,243.00,243.00,243.00,243.00,243.00,243.00,243.00,243.00,243.00,243.00,243.00,243.00,243.00,243.00
"URRAO",0.40,0.40,0.40,0.40,0.40,0.40,0.40,0.40,0.40,0.40,0.40,0.40,0.40,0.40,0.40,0.40,0.40,0.40,0.40,0.40,0.40,0.40,0.40,0.40
"URUACO",0.00,0.00,0.00,0.00,0.00,0.01,0.30,0.60,0.60,0.70,0.70,0.80,0.70,0.70,0.70,0.30,0.01,0.05,0.00,0.00,0.00,0.00,0.00,0.00
"USAQUEN",1.00,1.00,1.00,1.00,1.00,1.00,1.00,1.00,1.00,1.00,1.00,1.00,1.00,1.00,1.00,1.00,1.00,1.00,1.00,1.00,1.00,1.00,1.00,1.00
"VENTANA A",0.00,0.00,0.00,0.00,0.00,0.00,0.00,0.00,0.00,0.00,0.00,0.00,0.00,0.00,0.00,0.00,0.00,0.00,0.00,0.00,0.00,0.00,0.00,0.00
"VENTANA B",1.73,1.73,1.73,1.73,1.73,1.73,1.73,1.73,1.73,1.73,1.73,1.73,1.73,1.73,1.73,1.73,1.73,1.73,1.73,1.73,1.73,1.73,1.73,1.73
"ZEUS",9.90,9.90,9.90,9.90,9.90,9.90,9.90,9.90,9.90,9.90,9.90,9.90,9.90,9.90,9.90,9.90,9.90,9.90,9.90,9.90,9.90,9.90,9.90,9.90
"ZIPAEMG 2",0.00,0.00,0.00,0.00,0.00,0.00,0.00,0.00,0.00,0.00,0.00,0.00,0.00,0.00,0.00,0.00,0.00,0.00,0.00,0.00,0.00,0.00,0.00,0.00
"ZIPAEMG 3",0.00,0.00,0.00,0.00,0.00,0.00,0.00,0.00,0.00,0.00,0.00,0.00,0.00,0.00,0.00,0.00,0.00,0.00,0.00,0.00,0.00,0.00,0.00,0.00
"ZIPAEMG 4",0.00,0.00,0.00,0.00,0.00,0.00,0.00,0.00,0.00,0.00,0.00,0.00,0.00,0.00,0.00,0.00,0.00,0.00,0.00,0.00,0.00,0.00,0.00,0.00
"ZIPAEMG 5",0.00,0.00,0.00,0.00,0.00,0.00,0.00,0.00,0.00,0.00,0.00,0.00,0.00,0.00,0.00,0.00,0.00,0.00,0.00,0.00,0.00,0.00,0.00,0.00
"Total", 8526.2068, 8228.9854, 8007.9631, 7913.5593, 7933.0476, 8008.2953, 8150.2658, 8585.5051, 9003.3490, 9258.3924, 9520.8399, 9689.3527, 9675.7188, 9632.9091, 9639.6847, 9604.5457, 9578.6807, 9562.1615, 10513.3842, 10621.9615, 10437.2904, 9575.3338, 9106.8871, 8622.5809
